50|1|Adjuntas Municipio|1|19483|9522|9961|1207|602|605|2519|1275|1244|1273|669|604|2020|1055|965|15132|7328|7804|14484|6976|7508|7880|3900|3980|4895|2322|2573|4981|2404|2577|2588|1195|1393|297|113|184|35.951388889|34.659793814|37.149038462
50|1|Adjuntas Municipio|2|19483|9522|9961|1207|602|605|2519|1275|1244|1273|669|604|2020|1055|965|15132|7328|7804|14484|6976|7508|7880|3900|3980|4895|2322|2573|4981|2404|2577|2588|1195|1393|297|113|184|35.951388889|34.659793814|37.149038462
50|1|Adjuntas Municipio|3|19480|9519|9961|1200|593|607|2502|1270|1232|1260|661|599|2017|1056|961|15160|7344|7816|14518|6995|7523|7865|3891|3974|4893|2322|2571|4989|2406|2583|2619|1211|1408|300|114|186|36.126213592|34.843434343|37.313084112
50|1|Adjuntas Municipio|4|19459|9492|9967|1175|560|615|2423|1244|1179|1228|636|592|2025|1072|953|15253|7384|7869|14633|7052|7581|7818|3863|3955|4872|2313|2559|4993|2400|2593|2743|1267|1476|323|123|200|36.658371041|35.357142857|37.804347826
50|3|Aguada Municipio|1|41959|20606|21353|2314|1180|1134|4937|2524|2413|2675|1338|1337|4317|2172|2145|33383|16247|17136|32033|15564|16469|17421|8629|8792|11067|5422|5645|11427|5512|5915|5222|2458|2764|431|189|242|37.487975952|36.551282051|38.457407407
50|3|Aguada Municipio|2|41959|20606|21353|2314|1180|1134|4937|2524|2413|2675|1338|1337|4317|2172|2145|33383|16247|17136|32033|15564|16469|17421|8629|8792|11067|5422|5645|11427|5512|5915|5222|2458|2764|431|189|242|37.487975952|36.551282051|38.457407407
50|3|Aguada Municipio|3|41920|20586|21334|2297|1173|1124|4894|2500|2394|2655|1332|1323|4329|2182|2147|33423|16265|17158|32074|15581|16493|17364|8601|8763|11013|5396|5617|11450|5524|5926|5282|2479|2803|432|189|243|37.599190283|36.641666667|38.585271318
50|3|Aguada Municipio|4|41812|20540|21272|2228|1145|1083|4736|2411|2325|2592|1314|1278|4348|2208|2140|33591|16345|17246|32256|15670|16586|17108|8490|8618|10794|5299|5495|11575|5586|5989|5539|2577|2962|442|190|252|38.109979633|37.062761506|39.1875
50|5|Aguadilla Municipio|1|60949|29650|31299|3658|1866|1792|7233|3812|3421|3542|1844|1698|5691|2836|2855|48351|23066|25285|46516|22128|24388|24233|11970|12263|15865|7764|8101|15536|7256|8280|9424|4272|5152|904|334|570|37.967680608|36.328729282|39.478643216
50|5|Aguadilla Municipio|2|60949|29650|31299|3658|1866|1792|7233|3812|3421|3542|1844|1698|5691|2836|2855|48351|23066|25285|46516|22128|24388|24233|11970|12263|15865|7764|8101|15536|7256|8280|9424|4272|5152|904|334|570|37.967680608|36.328729282|39.478643216
50|5|Aguadilla Municipio|3|60807|29581|31226|3612|1849|1763|7211|3803|3408|3514|1828|1686|5711|2847|2864|48285|23027|25258|46470|22101|24369|24151|11932|12219|15779|7718|8061|15480|7231|8249|9500|4305|5195|914|337|577|38.057997558|36.403005464|39.589108911
50|5|Aguadilla Municipio|4|60316|29348|30968|3435|1789|1646|7078|3737|3341|3402|1767|1635|5773|2892|2881|48129|22940|25189|46401|22055|24346|23830|11796|12034|15484|7563|7921|15323|7145|8178|9821|4455|5366|951|351|600|38.520833333|36.777777778|40.115
50|7|Aguas Buenas Municipio|1|28659|14047|14612|1795|919|876|3710|1899|1811|1680|882|798|2808|1391|1417|22318|10773|11545|21474|10347|11127|11596|5708|5888|7528|3683|3845|7351|3538|3813|3787|1735|2052|359|152|207|35.975826972|34.632596685|37.366666667
50|7|Aguas Buenas Municipio|2|28659|14047|14612|1795|919|876|3710|1899|1811|1680|882|798|2808|1391|1417|22318|10773|11545|21474|10347|11127|11596|5708|5888|7528|3683|3845|7351|3538|3813|3787|1735|2052|359|152|207|35.975826972|34.632596685|37.366666667
50|7|Aguas Buenas Municipio|3|28653|14043|14610|1777|908|869|3693|1891|1802|1671|876|795|2818|1400|1418|22345|10785|11560|21512|10368|11144|11571|5708|5863|7503|3673|3830|7365|3542|3823|3826|1753|2073|367|155|212|36.125722543|34.759067358|37.505555556
50|7|Aguas Buenas Municipio|4|28599|14005|14594|1723|868|855|3613|1857|1756|1661|872|789|2858|1427|1431|22410|10814|11596|21602|10408|11194|11485|5701|5784|7402|3629|3773|7361|3529|3832|3981|1823|2158|399|166|233|36.539164491|35.133507853|37.940540541
50|9|Aibonito Municipio|1|25900|12569|13331|1537|768|769|3053|1566|1487|1648|836|812|2790|1450|1340|20483|9811|10672|19662|9399|10263|10371|5197|5174|6334|3121|3213|6880|3216|3664|3658|1612|2046|436|178|258|37.676056338|35.693181818|39.347682119
50|9|Aibonito Municipio|2|25900|12569|13331|1537|768|769|3053|1566|1487|1648|836|812|2790|1450|1340|20483|9811|10672|19662|9399|10263|10371|5197|5174|6334|3121|3213|6880|3216|3664|3658|1612|2046|436|178|258|37.676056338|35.693181818|39.347682119
50|9|Aibonito Municipio|3|25873|12552|13321|1523|752|771|3043|1563|1480|1628|830|798|2772|1440|1332|20500|9819|10681|19679|9407|10272|10328|5179|5149|6317|3115|3202|6902|3226|3676|3688|1626|2062|434|176|258|37.811151079|35.838235294|39.493548387
50|9|Aibonito Municipio|4|25724|12444|13280|1491|706|785|2978|1534|1444|1561|810|751|2718|1406|1312|20511|9806|10705|19694|9394|10300|10161|5097|5064|6243|3076|3167|6924|3230|3694|3809|1682|2127|433|170|263|38.225454545|36.26119403|39.93125
50|11|Añasco Municipio|1|29261|14229|15032|1651|862|789|3467|1788|1679|1881|969|912|2707|1378|1329|23201|11090|12111|22262|10610|11652|11881|5871|6010|7797|3783|4014|7506|3490|4016|4252|1959|2293|387|157|230|38.171728972|36.418918919|39.605150215
50|11|Añasco Municipio|2|29261|14229|15032|1651|862|789|3467|1788|1679|1881|969|912|2707|1378|1329|23201|11090|12111|22262|10610|11652|11881|5871|6010|7797|3783|4014|7506|3490|4016|4252|1959|2293|387|157|230|38.171728972|36.418918919|39.605150215
50|11|Añasco Municipio|3|29274|14235|15039|1637|844|793|3455|1787|1668|1858|961|897|2736|1394|1342|23247|11118|12129|22324|10643|11681|11881|5877|6004|7769|3771|3998|7519|3495|4024|4300|1983|2317|389|160|229|38.275609756|36.54076087|39.736956522
50|11|Añasco Municipio|4|29281|14231|15050|1586|778|808|3414|1788|1626|1784|931|853|2837|1451|1386|23389|11203|12186|22497|10734|11763|11848|5881|5967|7641|3713|3928|7543|3502|4041|4476|2068|2408|405|173|232|38.648305085|36.917613636|40.191304348
50|13|Arecibo Municipio|1|96440|46393|50047|5297|2700|2597|11138|5762|5376|5741|2938|2803|9252|4757|4495|77204|36514|40690|74264|34993|39271|38780|19176|19604|25194|12204|12990|24091|11124|12967|15727|6908|8819|1770|735|1035|38.636434109|36.723801066|40.30945758
50|13|Arecibo Municipio|2|96440|46393|50047|5297|2700|2597|11138|5762|5376|5741|2938|2803|9252|4757|4495|77204|36514|40690|74264|34993|39271|38780|19176|19604|25194|12204|12990|24091|11124|12967|15727|6908|8819|1770|735|1035|38.636434109|36.723801066|40.30945758
50|13|Arecibo Municipio|3|96311|46329|49982|5270|2684|2586|11063|5721|5342|5707|2931|2776|9311|4789|4522|77184|36496|40688|74271|34993|39278|38660|19118|19542|25040|12125|12915|24048|11110|12938|15872|6969|8903|1790|740|1050|38.729655712|36.801204819|40.41325811
50|13|Arecibo Municipio|4|95816|46074|49742|5146|2617|2529|10730|5548|5182|5550|2866|2684|9514|4905|4609|77197|36474|40723|74390|35043|39347|38232|18914|19318|24522|11857|12665|23935|11078|12857|16419|7203|9216|1874|764|1110|39.161671924|37.174825175|40.887573964
50|15|Arroyo Municipio|1|19575|9231|10344|1369|696|673|2610|1330|1280|1274|628|646|1884|955|929|14976|6889|8087|14322|6577|7745|8003|3767|4236|5138|2323|2815|4656|2110|2546|2644|1189|1455|283|101|182|35.081589958|33.414383562|36.524691358
50|15|Arroyo Municipio|2|19575|9231|10344|1369|696|673|2610|1330|1280|1274|628|646|1884|955|929|14976|6889|8087|14322|6577|7745|8003|3767|4236|5138|2323|2815|4656|2110|2546|2644|1189|1455|283|101|182|35.081589958|33.414383562|36.524691358
50|15|Arroyo Municipio|3|19582|9231|10351|1357|691|666|2600|1325|1275|1268|624|644|1884|951|933|15009|6906|8103|14357|6591|7766|7998|3762|4236|5145|2329|2816|4654|2106|2548|2674|1205|1469|282|100|182|35.219008264|33.581632653|36.65483871
50|15|Arroyo Municipio|4|19594|9215|10379|1315|671|644|2565|1309|1256|1240|607|633|1910|951|959|15107|6947|8160|14474|6628|7846|7990|3745|4245|5152|2335|2817|4621|2075|2546|2791|1267|1524|281|98|183|35.635687732|34.106164384|37.119354839
50|17|Barceloneta Municipio|1|24816|11937|12879|1547|778|769|3260|1703|1557|1513|739|774|2325|1178|1147|19265|9084|10181|18496|8717|9779|10482|5009|5473|7016|3290|3726|5670|2655|3015|3485|1594|1891|387|157|230|35.488636364|34.385294118|36.566091954
50|17|Barceloneta Municipio|2|24816|11937|12879|1547|778|769|3260|1703|1557|1513|739|774|2325|1178|1147|19265|9084|10181|18496|8717|9779|10482|5009|5473|7016|3290|3726|5670|2655|3015|3485|1594|1891|387|157|230|35.488636364|34.385294118|36.566091954
50|17|Barceloneta Municipio|3|24861|11952|12909|1534|773|761|3250|1695|1555|1512|741|771|2341|1180|1161|19334|9108|10226|18565|8743|9822|10487|5011|5476|7006|3287|3719|5693|2664|3029|3525|1612|1913|388|156|232|35.609859155|34.50877193|36.677142857
50|17|Barceloneta Municipio|4|25013|11989|13024|1498|760|738|3206|1660|1546|1499|748|751|2436|1203|1233|19572|9182|10390|18810|8821|9989|10520|5028|5492|6952|3269|3683|5735|2666|3069|3687|1683|2004|400|157|243|35.961126005|34.822674419|37.028571429
50|19|Barranquitas Municipio|1|30318|14942|15376|2054|1023|1031|4093|2128|1965|2210|1124|1086|3735|1934|1801|23125|11230|11895|21961|10667|11294|13103|6498|6605|7691|3739|3952|7280|3540|3740|3255|1454|1801|378|144|234|32.230971129|30.768115942|33.764367816
50|19|Barranquitas Municipio|2|30318|14942|15376|2054|1023|1031|4093|2128|1965|2210|1124|1086|3735|1934|1801|23125|11230|11895|21961|10667|11294|13103|6498|6605|7691|3739|3952|7280|3540|3740|3255|1454|1801|378|144|234|32.230971129|30.768115942|33.764367816
50|19|Barranquitas Municipio|3|30344|14958|15386|2051|1019|1032|4045|2104|1941|2205|1123|1082|3741|1939|1802|23188|11267|11921|22043|10712|11331|13094|6510|6584|7691|3746|3945|7317|3556|3761|3294|1471|1823|379|144|235|32.381443299|30.911330049|33.895027624
50|19|Barranquitas Municipio|4|30402|14978|15424|2045|1006|1039|3878|2024|1854|2178|1118|1060|3764|1939|1825|23379|11367|12012|22301|10830|11471|13068|6540|6528|7685|3767|3918|7405|3586|3819|3447|1538|1909|391|149|242|32.821686747|31.348258706|34.284916201
50|21|Bayamón Municipio|1|208116|98860|109256|11608|6089|5519|23675|12116|11559|11710|6110|5600|20884|10673|10211|167122|77611|89511|161123|74545|86578|84295|42072|42223|54507|26818|27689|51397|22799|28598|34335|14255|20080|3849|1426|2423|37.938377535|34.979299363|40.525925926
50|21|Bayamón Municipio|2|208116|98860|109256|11608|6089|5519|23675|12116|11559|11710|6110|5600|20884|10673|10211|167122|77611|89511|161123|74545|86578|84295|42072|42223|54507|26818|27689|51397|22799|28598|34335|14255|20080|3849|1426|2423|37.938377535|34.979299363|40.525925926
50|21|Bayamón Municipio|3|207630|98592|109038|11542|6034|5508|23488|12038|11450|11640|6079|5561|20853|10673|10180|166915|77497|89418|160960|74441|86519|83952|41926|42026|54270|26682|27588|51337|22785|28552|34500|14301|20199|3907|1445|2462|38.019252548|35.047863248|40.626106195
50|21|Bayamón Municipio|4|205693|97547|108146|11290|5831|5459|22705|11703|11002|11349|5935|5414|20756|10688|10068|166115|77090|89025|160349|74078|86271|82679|41366|41313|53379|26174|27205|51037|22695|28342|35177|14521|20656|4147|1532|2615|38.360818476|35.33755102|41.032958801
50|23|Cabo Rojo Municipio|1|50917|24387|26530|2971|1556|1415|6016|3051|2965|2918|1466|1452|4354|2168|2186|40455|19012|21443|39012|18314|20698|19855|9622|10233|13300|6334|6966|12410|5763|6647|8948|4049|4899|1007|406|601|39.310863874|38.219086022|40.345205479
50|23|Cabo Rojo Municipio|2|50917|24387|26530|2971|1556|1415|6016|3051|2965|2918|1466|1452|4354|2168|2186|40455|19012|21443|39012|18314|20698|19855|9622|10233|13300|6334|6966|12410|5763|6647|8948|4049|4899|1007|406|601|39.310863874|38.219086022|40.345205479
50|23|Cabo Rojo Municipio|3|50970|24398|26572|2964|1547|1417|5987|3037|2950|2937|1483|1454|4377|2174|2203|40550|19055|21495|39082|18331|20751|19861|9610|10251|13269|6309|6960|12425|5779|6646|9011|4069|4942|1017|407|610|39.403120936|38.295081967|40.438502674
50|23|Cabo Rojo Municipio|4|51245|24482|26763|2914|1500|1414|5899|3003|2896|2981|1532|1449|4474|2205|2269|40971|19239|21732|39451|18447|21004|19859|9578|10281|13142|6224|6918|12530|5852|6678|9305|4166|5139|1060|411|649|39.816838046|38.651162791|40.855555556
50|25|Caguas Municipio|1|142893|67144|75749|8572|4355|4217|17430|8967|8463|8540|4313|4227|13734|6865|6869|112679|51707|60972|108351|49509|58842|58233|28042|30191|37998|17915|20083|35316|15901|19415|21303|8828|12475|2489|847|1642|37.291776489|35.203351955|39.177172875
50|25|Caguas Municipio|2|142893|67144|75749|8572|4355|4217|17430|8967|8463|8540|4313|4227|13734|6865|6869|112679|51707|60972|108351|49509|58842|58233|28042|30191|37998|17915|20083|35316|15901|19415|21303|8828|12475|2489|847|1642|37.291776489|35.203351955|39.177172875
50|25|Caguas Municipio|3|142853|67111|75742|8521|4341|4180|17355|8915|8440|8506|4304|4202|13794|6898|6896|112796|51737|61059|108471|49551|58920|58129|28007|30122|37872|17863|20009|35337|15897|19440|21468|8893|12575|2521|854|1667|37.373224619|35.275690608|39.262439024
50|25|Caguas Municipio|4|142678|66971|75707|8322|4267|4055|17014|8705|8309|8347|4248|4099|14002|7013|6989|113270|51882|61388|108995|49751|59244|57762|27886|29876|37454|17691|19763|35398|15889|19509|22141|9158|12983|2638|879|1759|37.725222863|35.585352423|39.649330587
50|27|Camuy Municipio|1|35159|17037|18122|1998|997|1001|4401|2262|2139|2259|1172|1087|3321|1662|1659|27638|13200|14438|26501|12606|13895|14478|7147|7331|9461|4588|4873|8877|4146|4731|4842|2210|2632|540|221|319|37.159502262|35.821078431|38.52173913
50|27|Camuy Municipio|2|35159|17037|18122|1998|997|1001|4401|2262|2139|2259|1172|1087|3321|1662|1659|27638|13200|14438|26501|12606|13895|14478|7147|7331|9461|4588|4873|8877|4146|4731|4842|2210|2632|540|221|319|37.159502262|35.821078431|38.52173913
50|27|Camuy Municipio|3|35137|17013|18124|1977|981|996|4360|2236|2124|2253|1169|1084|3346|1679|1667|27680|13220|14460|26547|12627|13920|14443|7127|7316|9406|4560|4846|8894|4155|4739|4901|2233|2668|545|222|323|37.306919643|35.950934579|38.658536585
50|27|Camuy Municipio|4|35035|16911|18124|1902|921|981|4211|2143|2068|2226|1155|1071|3464|1748|1716|27814|13278|14536|26696|12692|14004|14307|7055|7252|9170|4443|4727|8937|4178|4759|5125|2323|2802|569|226|343|37.78540305|36.431603774|39.143442623
50|29|Canóvanas Municipio|1|47648|23156|24492|3203|1642|1561|6292|3205|3087|3224|1732|1492|4801|2384|2417|36568|17442|19126|34929|16577|18352|20134|9781|10353|12928|6116|6812|11451|5395|6056|5749|2682|3067|597|243|354|35.469827586|34.529411765|36.332344214
50|29|Canóvanas Municipio|2|47648|23156|24492|3203|1642|1561|6292|3205|3087|3224|1732|1492|4801|2384|2417|36568|17442|19126|34929|16577|18352|20134|9781|10353|12928|6116|6812|11451|5395|6056|5749|2682|3067|597|243|354|35.469827586|34.529411765|36.332344214
50|29|Canóvanas Municipio|3|47727|23176|24551|3202|1641|1561|6269|3196|3073|3199|1714|1485|4856|2425|2431|36678|17483|19195|35057|16625|18432|20151|9799|10352|12897|6092|6805|11491|5405|6086|5813|2703|3110|599|242|357|35.56401138|34.56097561|36.468481375
50|29|Canóvanas Municipio|4|48068|23310|24758|3181|1631|1550|6184|3170|3014|3100|1647|1453|5023|2567|2456|37160|17704|19456|35603|16862|18741|20196|9873|10323|12818|6032|6786|11677|5467|6210|6085|2796|3289|607|239|368|36.00281294|34.785234899|37.027932961
50|31|Carolina Municipio|1|176762|81864|94898|10030|5165|4865|20199|10359|9840|10474|5333|5141|16858|8259|8599|141329|63657|77672|136059|61007|75052|71854|34277|37577|47055|21983|25072|43541|18936|24605|28605|11829|16776|3038|1040|1998|38.112173913|35.661274976|40.171969697
50|31|Carolina Municipio|2|176762|81864|94898|10030|5165|4865|20199|10359|9840|10474|5333|5141|16858|8259|8599|141329|63657|77672|136059|61007|75052|71854|34277|37577|47055|21983|25072|43541|18936|24605|28605|11829|16776|3038|1040|1998|38.112173913|35.661274976|40.171969697
50|31|Carolina Municipio|3|176436|81678|94758|9965|5118|4847|20078|10289|9789|10401|5306|5095|16960|8308|8652|141258|63624|77634|135992|60965|75027|71661|34210|37451|46801|21882|24919|43416|18892|24524|28815|11883|16932|3077|1055|2022|38.188654354|35.729166667|40.276176024
50|31|Carolina Municipio|4|175129|80947|94182|9708|4937|4771|19555|9998|9557|10096|5172|4924|17362|8509|8853|140991|63509|77482|135770|60840|74930|70871|33929|36942|45801|21476|24325|42945|18723|24222|29662|12132|17530|3232|1110|2122|38.53280543|36.023625844|40.707620529
50|33|Cataño Municipio|1|28140|13331|14809|1739|911|828|3648|1833|1815|1799|901|898|3191|1604|1587|21828|10112|11716|20954|9686|11268|11389|5528|5861|6857|3259|3598|7269|3278|3991|3637|1545|2092|422|153|269|35.135048232|32.969594595|37.229559748
50|33|Cataño Municipio|2|28140|13331|14809|1739|911|828|3648|1833|1815|1799|901|898|3191|1604|1587|21828|10112|11716|20954|9686|11268|11389|5528|5861|6857|3259|3598|7269|3278|3991|3637|1545|2092|422|153|269|35.135048232|32.969594595|37.229559748
50|33|Cataño Municipio|3|28083|13310|14773|1732|909|823|3614|1820|1794|1783|892|891|3168|1596|1572|21830|10117|11713|20954|9689|11265|11359|5519|5840|6853|3258|3595|7260|3277|3983|3673|1558|2115|426|153|273|35.265923567|33.062857143|37.375776398
50|33|Cataño Municipio|4|27821|13196|14625|1700|900|800|3495|1773|1722|1728|864|864|3090|1560|1530|21786|10101|11685|20898|9659|11239|11236|5470|5766|6822|3246|3576|7177|3242|3935|3809|1611|2198|447|156|291|35.6390625|33.364864865|37.805232558
50|35|Cayey Municipio|1|48119|23274|24845|2783|1356|1427|5768|3036|2732|2866|1488|1378|4991|2440|2551|38148|18164|19984|36702|17394|19308|19593|9548|10045|12429|5962|6467|12348|5882|6466|6934|3110|3824|779|320|459|37.448245614|36.166666667|38.647147147
50|35|Cayey Municipio|2|48119|23274|24845|2783|1356|1427|5768|3036|2732|2866|1488|1378|4991|2440|2551|38148|18164|19984|36702|17394|19308|19593|9548|10045|12429|5962|6467|12348|5882|6466|6934|3110|3824|779|320|459|37.448245614|36.166666667|38.647147147
50|35|Cayey Municipio|3|48098|23252|24846|2753|1343|1410|5758|3026|2732|2841|1470|1371|5023|2458|2565|38186|18174|20012|36746|17413|19333|19564|9528|10036|12383|5942|6441|12345|5880|6465|6995|3133|3862|788|321|467|37.534602076|36.236111111|38.741433022
50|35|Cayey Municipio|4|48065|23216|24849|2650|1306|1344|5686|2968|2718|2771|1421|1350|5086|2508|2578|38376|18249|20127|36958|17521|19437|19399|9447|9952|12212|5870|6342|12384|5900|6484|7276|3243|4033|820|322|498|37.956484642|36.628158845|39.23354232
50|37|Ceiba Municipio|1|13631|6446|7185|803|406|397|1700|896|804|850|436|414|1300|623|677|10687|4907|5780|10278|4708|5570|5424|2547|2877|3477|1591|1886|3287|1462|1825|2214|1032|1182|218|80|138|37.672680412|35.977777778|39.15
50|37|Ceiba Municipio|2|13631|6446|7185|803|406|397|1700|896|804|850|436|414|1300|623|677|10687|4907|5780|10278|4708|5570|5424|2547|2877|3477|1591|1886|3287|1462|1825|2214|1032|1182|218|80|138|37.672680412|35.977777778|39.15
50|37|Ceiba Municipio|3|13593|6426|7167|798|401|397|1684|886|798|839|433|406|1307|629|678|10682|4909|5773|10272|4706|5566|5395|2535|2860|3449|1577|1872|3283|1459|1824|2233|1041|1192|218|80|138|37.799465241|36.134146341|39.254807692
50|37|Ceiba Municipio|4|13440|6343|7097|787|386|401|1614|845|769|804|425|379|1333|648|685|10651|4906|5745|10235|4687|5548|5307|2505|2802|3362|1536|1826|3234|1427|1807|2306|1076|1230|218|80|138|38.22826087|36.542682927|39.672043011
50|39|Ciales Municipio|1|18782|9266|9516|1188|598|590|2368|1201|1167|1256|642|614|2019|1002|1017|14626|7172|7454|13970|6825|7145|7554|3745|3809|4589|2260|2329|4846|2366|2480|2516|1197|1319|311|117|194|35.902912621|35.153846154|36.781609195
50|39|Ciales Municipio|2|18782|9266|9516|1188|598|590|2368|1201|1167|1256|642|614|2019|1002|1017|14626|7172|7454|13970|6825|7145|7554|3745|3809|4589|2260|2329|4846|2366|2480|2516|1197|1319|311|117|194|35.902912621|35.153846154|36.781609195
50|39|Ciales Municipio|3|18753|9249|9504|1182|597|585|2342|1189|1153|1240|626|614|2019|1006|1013|14627|7168|7459|13989|6837|7152|7518|3721|3797|4568|2243|2325|4862|2376|2486|2540|1212|1328|310|116|194|36.077540107|35.344339623|36.923076923
50|39|Ciales Municipio|4|18624|9163|9461|1170|596|574|2246|1145|1101|1172|565|607|2029|1018|1011|14616|7140|7476|14036|6857|7179|7405|3637|3768|4494|2186|2308|4884|2393|2491|2629|1260|1369|313|113|200|36.585|35.878378378|37.383333333
50|41|Cidra Municipio|1|43480|21265|22215|2653|1372|1281|5399|2740|2659|2797|1391|1406|4558|2386|2172|34029|16435|17594|32631|15762|16869|18372|9092|9280|11690|5640|6050|11348|5457|5891|5035|2279|2756|533|208|325|35.784313725|34.533210332|36.852484472
50|41|Cidra Municipio|2|43480|21265|22215|2653|1372|1281|5399|2740|2659|2797|1391|1406|4558|2386|2172|34029|16435|17594|32631|15762|16869|18372|9092|9280|11690|5640|6050|11348|5457|5891|5035|2279|2756|533|208|325|35.784313725|34.533210332|36.852484472
50|41|Cidra Municipio|3|43491|21265|22226|2635|1358|1277|5384|2735|2649|2776|1390|1386|4580|2389|2191|34097|16468|17629|32696|15782|16914|18346|9075|9271|11653|5624|6029|11357|5456|5901|5106|2313|2793|542|212|330|35.882092199|34.626838235|36.97133758
50|41|Cidra Municipio|4|43524|21277|22247|2590|1325|1265|5309|2704|2605|2700|1386|1314|4621|2388|2233|34321|16582|17739|32925|15862|17063|18189|8989|9200|11511|5554|5957|11400|5468|5932|5393|2452|2941|571|224|347|36.319073084|35.027881041|37.47275641
50|43|Coamo Municipio|1|40512|19740|20772|2726|1383|1343|5391|2765|2626|2678|1393|1285|4110|2117|1993|31043|14884|16159|29717|14199|15518|16973|8318|8655|10848|5164|5684|9651|4634|5017|5108|2284|2824|552|204|348|34.834343434|33.496350365|36.010676157
50|43|Coamo Municipio|2|40512|19740|20772|2726|1383|1343|5391|2765|2626|2678|1393|1285|4110|2117|1993|31043|14884|16159|29717|14199|15518|16973|8318|8655|10848|5164|5684|9651|4634|5017|5108|2284|2824|552|204|348|34.834343434|33.496350365|36.010676157
50|43|Coamo Municipio|3|40585|19770|20815|2711|1376|1335|5359|2747|2612|2655|1383|1272|4114|2122|1992|31172|14943|16229|29860|14264|15596|16967|8317|8650|10862|5165|5697|9718|4662|5056|5166|2315|2851|555|206|349|35.015653775|33.687272727|36.202464789
50|43|Coamo Municipio|4|40846|19888|20958|2645|1351|1294|5258|2692|2566|2579|1344|1235|4109|2126|1983|31636|15163|16473|30364|14501|15863|16903|8278|8625|10873|5144|5729|9977|4792|5185|5405|2439|2966|570|216|354|35.735812133|34.47826087|36.882352941
50|45|Comerío Municipio|1|20778|10345|10433|1367|691|676|2541|1309|1232|1352|729|623|2310|1205|1105|16177|7982|8195|15518|7616|7902|8677|4420|4257|5364|2673|2691|5240|2537|2703|2604|1201|1403|269|114|155|34.987654321|33.342105263|36.477272727
50|45|Comerío Municipio|2|20778|10345|10433|1367|691|676|2541|1309|1232|1352|729|623|2310|1205|1105|16177|7982|8195|15518|7616|7902|8677|4420|4257|5364|2673|2691|5240|2537|2703|2604|1201|1403|269|114|155|34.987654321|33.342105263|36.477272727
50|45|Comerío Municipio|3|20783|10351|10432|1353|687|666|2530|1303|1227|1341|720|621|2313|1210|1103|16214|8002|8212|15559|7641|7918|8666|4417|4249|5352|2667|2685|5263|2548|2715|2631|1216|1415|267|113|154|35.10261194|33.481617647|36.618644068
50|45|Comerío Municipio|4|20779|10351|10428|1297|665|632|2485|1281|1204|1313|693|620|2333|1232|1101|16338|8062|8276|15684|7712|7972|8641|4410|4231|5315|2649|2666|5295|2556|2739|2741|1275|1466|268|113|155|35.472916667|33.865942029|37.008474576
50|47|Corozal Municipio|1|37142|18127|19015|2465|1254|1211|4764|2472|2292|2415|1186|1229|3978|2024|1954|28686|13797|14889|27498|13215|14283|15374|7534|7840|9590|4620|4970|9233|4381|4852|4697|2190|2507|528|183|345|34.773333333|33.624463519|35.772123894
50|47|Corozal Municipio|2|37142|18127|19015|2465|1254|1211|4764|2472|2292|2415|1186|1229|3978|2024|1954|28686|13797|14889|27498|13215|14283|15374|7534|7840|9590|4620|4970|9233|4381|4852|4697|2190|2507|528|183|345|34.773333333|33.624463519|35.772123894
50|47|Corozal Municipio|3|37146|18120|19026|2468|1250|1218|4716|2449|2267|2411|1186|1225|3984|2025|1959|28737|13816|14921|27551|13235|14316|15354|7527|7827|9571|4617|4954|9243|4380|4863|4753|2213|2540|535|185|350|34.878854626|33.73553719|35.893162393
50|47|Corozal Municipio|4|37111|18073|19038|2472|1234|1238|4553|2366|2187|2408|1199|1209|3973|2011|1962|28863|13855|15008|27678|13274|14404|15240|7476|7764|9476|4585|4891|9271|4387|4884|4958|2291|2667|561|195|366|35.247777778|34.13125|36.298701299
50|49|Culebra Municipio|1|1818|921|897|101|40|61|213|110|103|101|47|54|152|85|67|1464|749|715|1403|724|679|707|355|352|472|232|240|514|274|240|265|133|132|24|11|13|39.392857143|39.954545455|39.029411765
50|49|Culebra Municipio|2|1818|921|897|101|40|61|213|110|103|101|47|54|152|85|67|1464|749|715|1403|724|679|707|355|352|472|232|240|514|274|240|265|133|132|24|11|13|39.392857143|39.954545455|39.029411765
50|49|Culebra Municipio|3|1816|920|896|102|41|61|209|107|102|102|48|54|153|85|68|1463|749|714|1403|724|679|706|354|352|472|232|240|511|272|239|267|135|132|24|11|13|39.481481481|40.142857143|39.117647059
50|49|Culebra Municipio|4|1809|916|893|104|45|59|192|95|97|102|50|52|162|84|78|1462|750|712|1411|726|685|704|351|353|471|233|238|505|270|235|273|139|134|26|11|15|39.907407407|40.5|39.5
50|51|Dorado Municipio|1|38165|18312|19853|2535|1272|1263|5244|2648|2596|2277|1162|1115|3236|1592|1644|29181|13765|15416|28109|13230|14879|15688|7579|8109|10779|5140|5639|9476|4427|5049|4618|2071|2547|473|191|282|36.352272727|35.441176471|37.234824281
50|51|Dorado Municipio|2|38165|18312|19853|2535|1272|1263|5244|2648|2596|2277|1162|1115|3236|1592|1644|29181|13765|15416|28109|13230|14879|15688|7579|8109|10779|5140|5639|9476|4427|5049|4618|2071|2547|473|191|282|36.352272727|35.441176471|37.234824281
50|51|Dorado Municipio|3|38233|18339|19894|2510|1262|1248|5248|2648|2600|2283|1166|1117|3244|1595|1649|29281|13812|15469|28192|13263|14929|15725|7600|8125|10791|5144|5647|9482|4427|5055|4675|2097|2578|478|192|286|36.460138648|35.549833887|37.344051447
50|51|Dorado Municipio|4|38524|18466|20058|2414|1225|1189|5275|2654|2621|2305|1178|1127|3306|1618|1688|29683|14006|15677|28530|13409|15121|15859|7675|8184|10808|5155|5653|9506|4432|5074|4910|2204|2706|499|197|302|36.844221106|35.967857143|37.738255034
50|53|Fajardo Municipio|1|36993|17428|19565|2287|1147|1140|4612|2394|2218|2361|1160|1201|3588|1822|1766|28904|13298|15606|27733|12727|15006|14968|7181|7787|9578|4468|5110|8358|3713|4645|6209|2724|3485|697|260|437|37.393909627|35.582278481|38.896610169
50|53|Fajardo Municipio|2|36993|17428|19565|2287|1147|1140|4612|2394|2218|2361|1160|1201|3588|1822|1766|28904|13298|15606|27733|12727|15006|14968|7181|7787|9578|4468|5110|8358|3713|4645|6209|2724|3485|697|260|437|37.393909627|35.582278481|38.896610169
50|53|Fajardo Municipio|3|36894|17378|19516|2269|1137|1132|4570|2368|2202|2354|1161|1193|3596|1834|1762|28886|13291|15595|27701|12712|14989|14914|7159|7755|9523|4440|5083|8336|3706|4630|6246|2732|3514|702|259|443|37.499001996|35.679324895|39.034129693
50|53|Fajardo Municipio|4|36499|17169|19330|2211|1106|1105|4423|2275|2148|2302|1153|1149|3652|1873|1779|28772|13229|15543|27563|12635|14928|14677|7054|7623|9269|4317|4952|8234|3669|4565|6408|2776|3632|726|257|469|37.892708333|36.036637931|39.514285714
50|54|Florida Municipio|1|12680|6088|6592|801|402|399|1722|890|832|804|373|431|1287|659|628|9762|4602|5160|9353|4423|4930|5330|2567|2763|3428|1627|1801|3033|1402|1631|1605|735|870|146|60|86|35.189944134|34.076923077|36.226190476
50|54|Florida Municipio|2|12680|6088|6592|801|402|399|1722|890|832|804|373|431|1287|659|628|9762|4602|5160|9353|4423|4930|5330|2567|2763|3428|1627|1801|3033|1402|1631|1605|735|870|146|60|86|35.189944134|34.076923077|36.226190476
50|54|Florida Municipio|3|12680|6087|6593|796|402|394|1702|877|825|810|382|428|1293|659|634|9783|4609|5174|9372|4426|4946|5322|2561|2761|3417|1620|1797|3040|1402|1638|1622|745|877|149|61|88|35.333333333|34.166666667|36.403409091
50|54|Florida Municipio|4|12678|6078|6600|777|399|378|1626|831|795|825|412|413|1334|668|666|9858|4629|5229|9450|4436|5014|5311|2557|2754|3373|1597|1776|3053|1389|1664|1690|782|908|161|64|97|35.796703297|34.438356164|36.93814433
50|55|Guánica Municipio|1|19427|9390|10037|1192|607|585|2384|1255|1129|1210|587|623|1838|921|917|15264|7242|8022|14641|6941|7700|7612|3735|3877|4862|2355|2507|4806|2247|2559|3135|1418|1717|313|135|178|37.243961353|35.634920635|38.652317881
50|55|Guánica Municipio|2|19427|9390|10037|1192|607|585|2384|1255|1129|1210|587|623|1838|921|917|15264|7242|8022|14641|6941|7700|7612|3735|3877|4862|2355|2507|4806|2247|2559|3135|1418|1717|313|135|178|37.243961353|35.634920635|38.652317881
50|55|Guánica Municipio|3|19368|9357|10011|1182|602|580|2361|1238|1123|1202|586|616|1838|921|917|15239|7232|8007|14623|6931|7692|7586|3716|3870|4842|2344|2498|4782|2231|2551|3161|1435|1726|317|137|180|37.399038462|35.81092437|38.799270073
50|55|Guánica Municipio|4|19115|9206|9909|1147|578|569|2277|1184|1093|1156|571|585|1863|934|929|15121|7167|7954|14535|6873|7662|7487|3647|3840|4750|2288|2462|4658|2155|2503|3264|1496|1768|330|143|187|37.868663594|36.391304348|39.32962963
50|57|Guayama Municipio|1|45362|22693|22669|2826|1433|1393|5945|3049|2896|2913|1530|1383|4511|2354|2157|35101|17442|17659|33678|16681|16997|19428|10213|9215|12778|6732|6046|10781|5113|5668|5608|2482|3126|615|221|394|34.733333333|33.130853994|36.599099099
50|57|Guayama Municipio|2|45362|22693|22669|2826|1433|1393|5945|3049|2896|2913|1530|1383|4511|2354|2157|35101|17442|17659|33678|16681|16997|19428|10213|9215|12778|6732|6046|10781|5113|5668|5608|2482|3126|615|221|394|34.733333333|33.130853994|36.599099099
50|57|Guayama Municipio|3|45359|22684|22675|2813|1420|1393|5900|3025|2875|2901|1517|1384|4532|2369|2163|35160|17472|17688|33745|16722|17023|19428|10226|9202|12753|6733|6020|10792|5109|5683|5668|2511|3157|619|225|394|34.838685015|33.254742547|36.699376947
50|57|Guayama Municipio|4|45345|22688|22657|2739|1362|1377|5745|2940|2805|2856|1477|1379|4569|2412|2157|35406|17632|17774|34005|16909|17096|19410|10273|9137|12690|6749|5941|10823|5109|5714|5923|2639|3284|630|237|393|35.287808642|33.75066313|37.1484375
50|59|Guayanilla Municipio|1|21581|10479|11102|1412|718|694|2803|1459|1344|1265|616|649|2180|1106|1074|16749|8003|8746|16101|7686|8415|8652|4257|4395|5505|2666|2839|5376|2514|2862|3040|1400|1640|312|121|191|36.125|34.5|37.468085106
50|59|Guayanilla Municipio|2|21581|10479|11102|1412|718|694|2803|1459|1344|1265|616|649|2180|1106|1074|16749|8003|8746|16101|7686|8415|8652|4257|4395|5505|2666|2839|5376|2514|2862|3040|1400|1640|312|121|191|36.125|34.5|37.468085106
50|59|Guayanilla Municipio|3|21541|10456|11085|1399|710|689|2788|1449|1339|1261|616|645|2162|1096|1066|16737|7998|8739|16093|7681|8412|8612|4231|4381|5494|2660|2834|5370|2514|2856|3067|1411|1656|310|120|190|36.236462094|34.666666667|37.603448276
50|59|Guayanilla Municipio|4|21368|10347|11021|1356|681|675|2724|1407|1317|1248|620|628|2114|1069|1045|16663|7951|8712|16040|7639|8401|8476|4150|4326|5441|2631|2810|5304|2481|2823|3181|1458|1723|307|119|188|36.635245902|35.125|38.017361111
50|61|Guaynabo Municipio|1|97924|46540|51384|5031|2593|2438|10602|5417|5185|5435|2783|2652|8839|4650|4189|79635|37124|42511|76856|35747|41109|39107|19560|19547|26166|12835|13331|26040|11700|14340|15811|6562|9249|2015|710|1305|39.731873112|37.077265973|42.09502924
50|61|Guaynabo Municipio|2|97924|46540|51384|5031|2593|2438|10602|5417|5185|5435|2783|2652|8839|4650|4189|79635|37124|42511|76856|35747|41109|39107|19560|19547|26166|12835|13331|26040|11700|14340|15811|6562|9249|2015|710|1305|39.731873112|37.077265973|42.09502924
50|61|Guaynabo Municipio|3|97793|46469|51324|4999|2584|2415|10525|5374|5151|5400|2774|2626|8851|4632|4219|79631|37121|42510|76869|35737|41132|38989|19516|19473|26054|12801|13253|26043|11700|14343|15921|6604|9317|2048|721|1327|39.831163859|37.152272727|42.211764706
50|61|Guaynabo Municipio|4|97280|46178|51102|4862|2536|2326|10190|5195|4995|5217|2700|2517|8908|4592|4316|79685|37140|42545|77011|35747|41264|38556|19359|19197|25675|12692|12983|26070|11687|14383|16358|6776|9582|2181|765|1416|40.274206042|37.529695024|42.726483357
50|63|Gurabo Municipio|1|45369|21724|23645|2926|1508|1418|6034|2984|3050|2860|1451|1409|4140|2055|2085|34935|16466|18469|33549|15781|17768|19597|9489|10108|13333|6344|6989|10880|4994|5886|5196|2388|2808|578|231|347|35.569843342|34.749303621|36.361842105
50|63|Gurabo Municipio|2|45369|21724|23645|2926|1508|1418|6034|2984|3050|2860|1451|1409|4140|2055|2085|34935|16466|18469|33549|15781|17768|19597|9489|10108|13333|6344|6989|10880|4994|5886|5196|2388|2808|578|231|347|35.569843342|34.749303621|36.361842105
50|63|Gurabo Municipio|3|45574|21803|23771|2909|1491|1418|6042|2997|3045|2857|1448|1409|4205|2081|2124|35157|16566|18591|33766|15867|17899|19676|9527|10149|13342|6353|6989|10951|5014|5937|5268|2419|2849|585|234|351|35.665364583|34.82994186|36.458224543
50|63|Gurabo Municipio|4|46406|22145|24261|2830|1428|1402|6068|3039|3029|2871|1449|1422|4413|2171|2242|36059|16975|19084|34637|16229|18408|19977|9673|10304|13410|6400|7010|11263|5123|6140|5551|2535|3016|606|241|365|36.083014049|35.195156695|36.864427861
50|65|Hatillo Municipio|1|41953|20296|21657|2502|1315|1187|5173|2634|2539|2524|1344|1180|4054|2014|2040|33066|15695|17371|31754|15003|16751|17362|8469|8893|11389|5419|5970|10376|4865|5511|5935|2705|3230|555|196|359|37.11010101|35.728522337|38.451456311
50|65|Hatillo Municipio|2|41953|20296|21657|2502|1315|1187|5173|2634|2539|2524|1344|1180|4054|2014|2040|33066|15695|17371|31754|15003|16751|17362|8469|8893|11389|5419|5970|10376|4865|5511|5935|2705|3230|555|196|359|37.11010101|35.728522337|38.451456311
50|65|Hatillo Municipio|3|42007|20313|21694|2487|1306|1181|5148|2618|2530|2501|1339|1162|4081|2030|2051|33161|15742|17419|31871|15050|16821|17360|8471|8889|11384|5415|5969|10393|4868|5525|6013|2737|3276|563|196|367|37.2243083|35.8375|38.569023569
50|65|Hatillo Municipio|4|42244|20399|21845|2431|1271|1160|5049|2566|2483|2439|1312|1127|4147|2082|2065|33540|15926|17614|32325|15250|17075|17307|8461|8846|11346|5393|5953|10485|4894|5591|6347|2881|3466|602|204|398|37.696269982|36.320921986|39.099326599
50|67|Hormigueros Municipio|1|17250|8027|9223|845|430|415|1910|984|926|938|464|474|1363|725|638|14004|6356|7648|13557|6149|7408|6393|3113|3280|4337|2043|2294|4335|1882|2453|3522|1499|2023|415|158|257|41.477876106|38.966346154|43.919847328
50|67|Hormigueros Municipio|2|17250|8027|9223|845|430|415|1910|984|926|938|464|474|1363|725|638|14004|6356|7648|13557|6149|7408|6393|3113|3280|4337|2043|2294|4335|1882|2453|3522|1499|2023|415|158|257|41.477876106|38.966346154|43.919847328
50|67|Hormigueros Municipio|3|17262|8032|9230|844|431|413|1903|981|922|936|464|472|1369|725|644|14029|6369|7660|13579|6156|7423|6383|3107|3276|4318|2036|2282|4328|1878|2450|3564|1517|2047|420|158|262|41.601769912|39.062992126|44.070866142
50|67|Hormigueros Municipio|4|17295|8039|9256|849|441|408|1869|964|905|932|469|463|1399|721|678|14115|6404|7711|13645|6165|7480|6351|3091|3260|4244|2014|2230|4282|1851|2431|3720|1579|2141|439|159|280|42.015486726|39.404761905|44.555555556
50|69|Humacao Municipio|1|58466|27754|30712|3423|1744|1679|6904|3476|3428|3518|1786|1732|5833|2935|2898|46427|21689|24738|44621|20748|23873|23548|11462|12086|15065|7171|7894|15231|6887|8344|8492|3755|4737|859|317|542|37.668734491|35.945244957|39.095923261
50|69|Humacao Municipio|2|58466|27754|30712|3423|1744|1679|6904|3476|3428|3518|1786|1732|5833|2935|2898|46427|21689|24738|44621|20748|23873|23548|11462|12086|15065|7171|7894|15231|6887|8344|8492|3755|4737|859|317|542|37.668734491|35.945244957|39.095923261
50|69|Humacao Municipio|3|58396|27709|30687|3401|1728|1673|6871|3469|3402|3489|1758|1731|5852|2948|2904|46421|21674|24747|44635|20754|23881|23493|11434|12059|15008|7149|7859|15194|6868|8326|8581|3789|4792|871|320|551|37.779187817|36.046546547|39.207021792
50|69|Humacao Municipio|4|58189|27573|30616|3319|1676|1643|6711|3412|3299|3378|1663|1715|5907|2985|2922|46491|21670|24821|44781|20822|23959|23271|11333|11938|14803|7082|7721|15119|6830|8289|8952|3925|5027|911|332|579|38.323341837|36.511594203|39.781862745
50|71|Isabela Municipio|1|45631|22205|23426|2663|1345|1318|5511|2840|2671|2699|1424|1275|4222|2114|2108|36127|17351|18776|34758|16596|18162|18469|9124|9345|12215|5919|6296|11604|5516|6088|6717|3047|3670|732|278|454|37.891613924|36.566326531|39.081818182
50|71|Isabela Municipio|2|45631|22205|23426|2663|1345|1318|5511|2840|2671|2699|1424|1275|4222|2114|2108|36127|17351|18776|34758|16596|18162|18469|9124|9345|12215|5919|6296|11604|5516|6088|6717|3047|3670|732|278|454|37.891613924|36.566326531|39.081818182
50|71|Isabela Municipio|3|45627|22198|23429|2646|1339|1307|5477|2817|2660|2690|1420|1270|4243|2133|2110|36174|17368|18806|34814|16622|18192|18460|9127|9333|12195|5914|6281|11594|5491|6103|6782|3084|3698|742|284|458|37.988132911|36.631034483|39.202702703
50|71|Isabela Municipio|4|45669|22224|23445|2561|1313|1248|5370|2746|2624|2658|1394|1264|4300|2200|2100|36406|17473|18933|35080|16771|18309|18408|9142|9266|12118|5901|6217|11588|5433|6155|7074|3237|3837|775|303|472|38.416666667|36.93639576|39.724702381
50|73|Jayuya Municipio|1|16642|8322|8320|1144|570|574|2223|1150|1073|1204|645|559|1868|971|897|12683|6278|6405|12071|5957|6114|7146|3623|3523|4364|2174|2190|3958|1935|2023|1881|877|1004|218|98|120|33.109589041|31.833333333|34.64556962
50|73|Jayuya Municipio|2|16642|8322|8320|1144|570|574|2223|1150|1073|1204|645|559|1868|971|897|12683|6278|6405|12071|5957|6114|7146|3623|3523|4364|2174|2190|3958|1935|2023|1881|877|1004|218|98|120|33.109589041|31.833333333|34.64556962
50|73|Jayuya Municipio|3|16619|8312|8307|1136|572|564|2206|1135|1071|1196|644|552|1858|967|891|12691|6281|6410|12081|5961|6120|7124|3622|3502|4358|2176|2182|3967|1933|2034|1898|885|1013|219|98|121|33.244186047|31.976923077|34.796511628
50|73|Jayuya Municipio|4|16524|8263|8261|1109|580|529|2145|1084|1061|1155|630|525|1848|968|880|12712|6285|6427|12115|5969|6146|7050|3623|3427|4322|2176|2146|3973|1905|2068|1972|920|1052|225|102|123|33.706976744|32.408730159|35.238372093
50|75|Juana Díaz Municipio|1|50747|24459|26288|3425|1762|1663|6864|3451|3413|3546|1815|1731|5223|2643|2580|38688|18312|20376|36912|17431|19481|21393|10304|11089|13534|6332|7202|12029|5647|6382|6126|2809|3317|673|272|401|34.364130435|33.259643917|35.44783715
50|75|Juana Díaz Municipio|2|50747|24459|26288|3425|1762|1663|6864|3451|3413|3546|1815|1731|5223|2643|2580|38688|18312|20376|36912|17431|19481|21393|10304|11089|13534|6332|7202|12029|5647|6382|6126|2809|3317|673|272|401|34.364130435|33.259643917|35.44783715
50|75|Juana Díaz Municipio|3|50728|24430|26298|3401|1745|1656|6828|3435|3393|3527|1810|1717|5258|2660|2598|38740|18322|20418|36972|17440|19532|21380|10297|11083|13484|6299|7185|12042|5645|6397|6188|2836|3352|682|276|406|34.468181818|33.348214286|35.544474394
50|75|Juana Díaz Municipio|4|50676|24362|26314|3306|1687|1619|6666|3354|3312|3432|1780|1652|5377|2721|2656|39003|18428|20575|37272|17541|19731|21269|10270|10999|13283|6196|7087|12142|5664|6478|6470|2960|3510|709|286|423|34.956460674|33.817365269|36.100271003
50|77|Juncos Municipio|1|40290|19285|21005|2704|1370|1334|5441|2739|2702|2550|1304|1246|3784|1887|1897|30879|14501|16378|29595|13872|15723|17601|8479|9122|11903|5623|6280|9199|4223|4976|4709|2139|2570|508|193|315|34.362153344|33.320189274|35.328034682
50|77|Juncos Municipio|2|40290|19285|21005|2704|1370|1334|5441|2739|2702|2550|1304|1246|3784|1887|1897|30879|14501|16378|29595|13872|15723|17601|8479|9122|11903|5623|6280|9199|4223|4976|4709|2139|2570|508|193|315|34.362153344|33.320189274|35.328034682
50|77|Juncos Municipio|3|40360|19309|21051|2683|1360|1323|5430|2734|2696|2538|1294|1244|3826|1915|1911|30988|14551|16437|29709|13921|15788|17642|8501|9141|11905|5617|6288|9212|4229|4983|4766|2160|2606|508|191|317|34.477020602|33.422468354|35.43255132
50|77|Juncos Municipio|4|40609|19409|21200|2599|1325|1274|5382|2717|2665|2510|1269|1241|3980|2006|1974|31386|14743|16643|30118|14098|16020|17784|8572|9212|11911|5597|6314|9244|4258|4986|4983|2237|2746|510|190|320|34.854074074|33.807443366|35.818452381
50|79|Lajas Municipio|1|25753|12595|13158|1492|790|702|2920|1505|1415|1541|834|707|2414|1262|1152|20627|9920|10707|19800|9466|10334|9881|4968|4913|6245|3035|3210|6665|3158|3507|4476|2011|2465|484|186|298|39.722039474|37.712962963|41.6
50|79|Lajas Municipio|2|25753|12595|13158|1492|790|702|2920|1505|1415|1541|834|707|2414|1262|1152|20627|9920|10707|19800|9466|10334|9881|4968|4913|6245|3035|3210|6665|3158|3507|4476|2011|2465|484|186|298|39.722039474|37.712962963|41.6
50|79|Lajas Municipio|3|25722|12577|13145|1482|784|698|2909|1504|1405|1516|816|700|2424|1269|1155|20636|9926|10710|19815|9473|10342|9840|4950|4890|6219|3024|3195|6665|3159|3506|4507|2021|2486|483|185|298|39.84789644|37.836419753|41.745714286
50|79|Lajas Municipio|4|25571|12490|13081|1443|756|687|2857|1489|1368|1430|755|675|2491|1313|1178|20621|9923|10698|19841|9490|10351|9682|4876|4806|6095|2972|3123|6623|3139|3484|4632|2066|2566|478|182|296|40.238636364|38.220125786|42.225714286
50|81|Lares Municipio|1|30753|15126|15627|1714|874|840|3698|1872|1826|1959|1015|944|3140|1632|1508|24394|11908|12486|23382|11365|12017|12550|6311|6239|7918|3903|4015|7813|3777|4036|4511|2053|2458|551|220|331|37.236842105|35.907216495|38.507653061
50|81|Lares Municipio|2|30753|15126|15627|1714|874|840|3698|1872|1826|1959|1015|944|3140|1632|1508|24394|11908|12486|23382|11365|12017|12550|6311|6239|7918|3903|4015|7813|3777|4036|4511|2053|2458|551|220|331|37.236842105|35.907216495|38.507653061
50|81|Lares Municipio|3|30652|15080|15572|1706|874|832|3653|1847|1806|1934|996|938|3135|1637|1498|24356|11889|12467|23359|11363|11996|12479|6282|6197|7873|3886|3987|7803|3764|4039|4548|2076|2472|551|221|330|37.369146006|36.027624309|38.651041667
50|81|Lares Municipio|4|30219|14880|15339|1670|873|797|3495|1762|1733|1840|926|914|3124|1651|1473|24157|11790|12367|23214|11319|11895|12204|6161|6043|7685|3807|3878|7726|3706|4020|4679|2155|2524|546|220|326|37.782666667|36.428571429|39.125668449
50|83|Las Marías Municipio|1|9881|4875|5006|642|324|318|1148|572|576|622|305|317|1075|556|519|7779|3828|3951|7469|3674|3795|4019|1996|2023|2476|1209|1267|2565|1239|1326|1353|670|683|134|57|77|36.342696629|35.71875|37.06122449
50|83|Las Marías Municipio|2|9881|4875|5006|642|324|318|1148|572|576|622|305|317|1075|556|519|7779|3828|3951|7469|3674|3795|4019|1996|2023|2476|1209|1267|2565|1239|1326|1353|670|683|134|57|77|36.342696629|35.71875|37.06122449
50|83|Las Marías Municipio|3|9857|4866|4991|642|325|317|1137|568|569|619|305|314|1066|547|519|7769|3825|3944|7459|3668|3791|3998|1987|2011|2465|1207|1258|2558|1234|1324|1370|680|690|136|58|78|36.524038462|35.887323944|37.153061224
50|83|Las Marías Municipio|4|9758|4827|4931|641|325|316|1095|553|542|604|301|303|1045|528|517|7726|3809|3917|7418|3648|3770|3917|1953|1964|2415|1193|1222|2521|1210|1311|1437|717|720|145|62|83|36.920289855|36.435714286|37.527777778
50|85|Las Piedras Municipio|1|38675|18737|19938|2506|1317|1189|4995|2593|2402|2252|1151|1101|3651|1795|1856|30035|14241|15794|28922|13676|15246|16522|7959|8563|11172|5302|5870|9424|4380|5044|4675|2199|2476|493|206|287|35.241582492|34.275547445|36.169329073
50|85|Las Piedras Municipio|2|38675|18737|19938|2506|1317|1189|4995|2593|2402|2252|1151|1101|3651|1795|1856|30035|14241|15794|28922|13676|15246|16522|7959|8563|11172|5302|5870|9424|4380|5044|4675|2199|2476|493|206|287|35.241582492|34.275547445|36.169329073
50|85|Las Piedras Municipio|3|38760|18773|19987|2493|1316|1177|4981|2587|2394|2261|1153|1108|3665|1803|1862|30148|14287|15861|29025|13717|15308|16544|7969|8575|11180|5302|5878|9437|4382|5055|4743|2230|2513|497|208|289|35.36026936|34.372727273|36.290584416
50|85|Las Piedras Municipio|4|39087|18916|20171|2448|1303|1145|4952|2591|2361|2283|1152|1131|3717|1819|1898|30553|14455|16098|29404|13870|15534|16624|7999|8625|11198|5307|5891|9483|4397|5086|5006|2347|2659|510|212|298|35.775083612|34.740350877|36.723154362
50|87|Loíza Municipio|1|30060|14131|15929|2062|1076|986|3955|2006|1949|2115|1026|1089|3554|1693|1861|23007|10548|12459|21928|10023|11905|12896|6047|6849|7737|3571|4166|7438|3375|4063|3199|1384|1815|366|135|231|33.273239437|31.682648402|34.654347826
50|87|Loíza Municipio|2|30060|14131|15929|2062|1076|986|3955|2006|1949|2115|1026|1089|3554|1693|1861|23007|10548|12459|21928|10023|11905|12896|6047|6849|7737|3571|4166|7438|3375|4063|3199|1384|1815|366|135|231|33.273239437|31.682648402|34.654347826
50|87|Loíza Municipio|3|30006|14105|15901|2032|1064|968|3926|1989|1937|2079|1013|1066|3562|1694|1868|23025|10555|12470|21969|10039|11930|12848|6025|6823|7711|3562|4149|7461|3384|4077|3235|1399|1836|368|136|232|33.43977591|31.8507109|34.828767123
50|87|Loíza Municipio|4|29738|13965|15773|1927|1018|909|3820|1934|1886|1959|965|994|3565|1684|1881|23021|10535|12486|22032|10048|11984|12652|5930|6722|7606|3522|4084|7479|3381|4098|3382|1461|1921|384|141|243|33.96|32.424757282|35.448837209
50|89|Luquillo Municipio|1|20068|9543|10525|1243|618|625|2571|1258|1313|1277|656|621|1897|930|967|15611|7356|8255|14977|7011|7966|8028|3884|4144|5180|2445|2735|4906|2262|2644|2994|1374|1620|294|103|191|36.890459364|36.020661157|37.629496403
50|89|Luquillo Municipio|2|20068|9543|10525|1243|618|625|2571|1258|1313|1277|656|621|1897|930|967|15611|7356|8255|14977|7011|7966|8028|3884|4144|5180|2445|2735|4906|2262|2644|2994|1374|1620|294|103|191|36.890459364|36.020661157|37.629496403
50|89|Luquillo Municipio|3|20070|9540|10530|1230|616|614|2551|1246|1305|1281|654|627|1902|932|970|15640|7367|8273|15008|7024|7984|8014|3871|4143|5160|2436|2724|4922|2269|2653|3024|1387|1637|297|105|192|37.038022814|36.162601626|37.779310345
50|89|Luquillo Municipio|4|20061|9506|10555|1190|605|585|2468|1204|1264|1293|640|653|1947|960|987|15740|7386|8354|15110|7057|8053|7980|3829|4151|5076|2390|2686|4943|2269|2674|3144|1438|1706|315|113|202|37.512681159|36.561538462|38.295138889
50|91|Manatí Municipio|1|44113|21039|23074|2709|1422|1287|5696|2996|2700|2741|1399|1342|4126|1987|2139|34294|15897|18397|32967|15222|17745|17227|8210|9017|11061|5175|5886|11074|5118|5956|6706|2942|3764|710|286|424|37.038808664|35.290145985|38.62
50|91|Manatí Municipio|2|44113|21039|23074|2709|1422|1287|5696|2996|2700|2741|1399|1342|4126|1987|2139|34294|15897|18397|32967|15222|17745|17227|8210|9017|11061|5175|5886|11074|5118|5956|6706|2942|3764|710|286|424|37.038808664|35.290145985|38.62
50|91|Manatí Municipio|3|44043|20998|23045|2677|1400|1277|5653|2973|2680|2747|1401|1346|4123|1995|2128|34309|15904|18405|32966|15224|17742|17195|8196|8999|11022|5155|5867|11054|5107|5947|6767|2967|3800|718|290|428|37.148381295|35.376865672|38.739057239
50|91|Manatí Municipio|4|43772|20832|22940|2572|1329|1243|5482|2886|2596|2742|1399|1343|4118|2013|2105|34356|15910|18446|32976|15218|17758|17026|8118|8908|10843|5065|5778|10988|5072|5916|7027|3068|3959|748|301|447|37.635208711|35.810077519|39.279863481
50|93|Maricao Municipio|1|6276|3102|3174|422|221|201|759|391|368|393|190|203|652|315|337|4904|2397|2507|4702|2300|2402|2563|1285|1278|1601|814|787|1642|795|847|807|376|431|97|48|49|36.212765957|35.621621622|36.693877551
50|93|Maricao Municipio|2|6276|3102|3174|422|221|201|759|391|368|393|190|203|652|315|337|4904|2397|2507|4702|2300|2402|2563|1285|1278|1601|814|787|1642|795|847|807|376|431|97|48|49|36.212765957|35.621621622|36.693877551
50|93|Maricao Municipio|3|6267|3097|3170|416|216|200|748|388|360|396|191|205|647|314|333|4910|2401|2509|4707|2302|2405|2550|1277|1273|1598|811|787|1647|798|849|815|379|436|97|48|49|36.380681818|35.797297297|36.911111111
50|93|Maricao Municipio|4|6227|3073|3154|388|196|192|718|378|340|396|194|202|630|312|318|4927|2408|2519|4725|2305|2420|2515|1254|1261|1593|801|792|1652|797|855|850|395|455|94|45|49|37.130681818|36.364864865|37.777777778
50|95|Maunabo Municipio|1|12225|6039|6186|712|373|339|1422|704|718|820|434|386|1226|605|621|9671|4735|4936|9271|4528|4743|4845|2408|2437|3009|1481|1528|3186|1565|1621|1850|877|973|247|97|150|38.13803681|37.220238095|38.977777778
50|95|Maunabo Municipio|2|12225|6039|6186|712|373|339|1422|704|718|820|434|386|1226|605|621|9671|4735|4936|9271|4528|4743|4845|2408|2437|3009|1481|1528|3186|1565|1621|1850|877|973|247|97|150|38.13803681|37.220238095|38.977777778
50|95|Maunabo Municipio|3|12210|6034|6176|711|375|336|1407|696|711|811|427|384|1225|606|619|9680|4743|4937|9281|4536|4745|4827|2402|2425|2994|1475|1519|3195|1571|1624|1867|884|983|245|97|148|38.327272727|37.397590361|39.192307692
50|95|Maunabo Municipio|4|12142|6007|6135|711|382|329|1354|670|684|767|398|369|1232|612|620|9707|4768|4939|9310|4557|4753|4761|2380|2381|2934|1454|1480|3208|1578|1630|1936|913|1023|238|96|142|38.963190184|37.993670886|39.869318182
50|97|Mayagüez Municipio|1|89080|42751|46329|4626|2424|2202|8818|4440|4378|4518|2332|2186|14290|7484|6806|73438|34695|38743|71118|33555|37563|37289|18984|18305|19570|9742|9828|21499|9777|11722|15759|6552|9207|1906|644|1262|37.03440367|33.650105708|40.425373134
50|97|Mayagüez Municipio|2|89080|42751|46329|4626|2424|2202|8818|4440|4378|4518|2332|2186|14290|7484|6806|73438|34695|38743|71118|33555|37563|37289|18984|18305|19570|9742|9828|21499|9777|11722|15759|6552|9207|1906|644|1262|37.03440367|33.650105708|40.425373134
50|97|Mayagüez Municipio|3|88796|42621|46175|4597|2411|2186|8788|4437|4351|4541|2343|2198|14194|7425|6769|73205|34594|38611|70870|33430|37440|37110|18901|18209|19459|9695|9764|21377|9733|11644|15840|6577|9263|1927|653|1274|37.084668192|33.674097665|40.50534188
50|97|Mayagüez Municipio|4|87712|42118|45594|4469|2358|2111|8623|4387|4236|4647|2403|2244|13748|7161|6587|72375|34233|38142|69973|32970|37003|36417|18581|17836|19113|9558|9555|20945|9571|11374|16167|6680|9487|2006|686|1320|37.373737374|33.864923747|40.892473118
50|99|Moca Municipio|1|40109|19681|20428|2572|1351|1221|5352|2715|2637|2428|1212|1216|3981|1986|1995|30955|15011|15944|29757|14403|15354|16827|8241|8586|11034|5348|5686|9987|4776|5211|4755|2293|2462|488|210|278|35.095197256|34.314229249|35.781569966
50|99|Moca Municipio|2|40109|19681|20428|2572|1351|1221|5352|2715|2637|2428|1212|1216|3981|1986|1995|30955|15011|15944|29757|14403|15354|16827|8241|8586|11034|5348|5686|9987|4776|5211|4755|2293|2462|488|210|278|35.095197256|34.314229249|35.781569966
50|99|Moca Municipio|3|40103|19675|20428|2549|1339|1210|5318|2701|2617|2431|1211|1220|3986|1989|1997|31003|15030|15973|29805|14424|15381|16793|8229|8564|10996|5334|5662|10004|4777|5227|4819|2324|2495|494|215|279|35.207894737|34.419291339|35.914089347
50|99|Moca Municipio|4|40052|19653|20399|2468|1291|1177|5188|2650|2538|2454|1216|1238|3989|1996|1993|31148|15097|16051|29942|14496|15446|16630|8162|8468|10820|5262|5558|10078|4799|5279|5055|2439|2616|519|231|288|35.670433145|34.853053435|36.397569444
50|101|Morovis Municipio|1|32610|16245|16365|2217|1136|1081|4612|2382|2230|2228|1157|1071|3654|1899|1755|24679|12141|12538|23553|11570|11983|14107|7026|7081|8763|4260|4503|7629|3740|3889|3507|1671|1836|359|153|206|33.023861171|31.84047619|33.993562232
50|101|Morovis Municipio|2|32610|16245|16365|2217|1136|1081|4612|2382|2230|2228|1157|1071|3654|1899|1755|24679|12141|12538|23553|11570|11983|14107|7026|7081|8763|4260|4503|7629|3740|3889|3507|1671|1836|359|153|206|33.023861171|31.84047619|33.993562232
50|101|Morovis Municipio|3|32660|16274|16386|2182|1117|1065|4584|2363|2221|2239|1168|1071|3660|1900|1760|24781|12200|12581|23655|11626|12029|14104|7030|7074|8762|4263|4499|7679|3766|3913|3554|1697|1857|366|158|208|33.17218543|32.020725389|34.153110048
50|101|Morovis Municipio|4|32823|16360|16463|2070|1048|1022|4478|2310|2168|2267|1192|1075|3690|1897|1793|25124|12391|12733|24008|11810|12198|14102|7042|7060|8745|4267|4478|7836|3848|3988|3737|1798|1939|395|176|219|33.707746479|32.652380952|34.60042735
50|103|Naguabo Municipio|1|26720|12824|13896|1908|958|950|3530|1807|1723|1644|802|842|2609|1280|1329|20455|9668|10787|19638|9257|10381|11308|5371|5937|7486|3498|3988|6002|2830|3172|3541|1649|1892|372|148|224|34.272486772|33.346153846|35.061135371
50|103|Naguabo Municipio|2|26720|12824|13896|1908|958|950|3530|1807|1723|1644|802|842|2609|1280|1329|20455|9668|10787|19638|9257|10381|11308|5371|5937|7486|3498|3988|6002|2830|3172|3541|1649|1892|372|148|224|34.272486772|33.346153846|35.061135371
50|103|Naguabo Municipio|3|26791|12850|13941|1887|950|937|3547|1814|1733|1641|802|839|2612|1281|1331|20532|9691|10841|19716|9284|10432|11340|5382|5958|7507|3505|4002|6019|2836|3183|3578|1662|1916|374|148|226|34.377284595|33.45212766|35.167410714
50|103|Naguabo Municipio|4|27051|12928|14123|1812|922|890|3620|1843|1777|1631|803|828|2657|1304|1353|20808|9756|11052|19988|9360|10628|11472|5422|6050|7576|3517|4059|6027|2824|3203|3728|1715|2013|385|149|236|34.662162162|33.68|35.537914692
50|105|Naranjito Municipio|1|30402|15047|15355|1889|939|950|3786|1891|1895|1882|1016|866|3440|1779|1661|23802|11726|12076|22845|11201|11644|12636|6421|6215|7760|3858|3902|7797|3788|4009|3848|1776|2072|439|164|275|35.158959538|34.161202186|36.346715328
50|105|Naranjito Municipio|2|30402|15047|15355|1889|939|950|3786|1891|1895|1882|1016|866|3440|1779|1661|23802|11726|12076|22845|11201|11644|12636|6421|6215|7760|3858|3902|7797|3788|4009|3848|1776|2072|439|164|275|35.158959538|34.161202186|36.346715328
50|105|Naranjito Municipio|3|30413|15056|15357|1880|944|936|3754|1875|1879|1882|1004|878|3437|1785|1652|23852|11754|12098|22897|11233|11664|12606|6412|6194|7744|3854|3890|7825|3799|4026|3891|1795|2096|443|168|275|35.29454023|34.3|36.503521127
50|105|Naranjito Municipio|4|30423|15065|15358|1852|959|893|3642|1820|1822|1877|966|911|3425|1796|1629|23995|11825|12170|23052|11320|11732|12504|6366|6138|7681|3835|3846|7887|3821|4066|4059|1868|2191|463|186|277|35.720833333|34.720657277|36.907407407
50|107|Orocovis Municipio|1|23423|11807|11616|1453|776|677|3145|1629|1516|1761|927|834|2574|1314|1260|17969|8948|9021|17064|8475|8589|9912|5005|4907|5977|2971|3006|5782|2910|2872|2731|1280|1451|357|148|209|34.55075188|33.321138211|35.7
50|107|Orocovis Municipio|2|23423|11807|11616|1453|776|677|3145|1629|1516|1761|927|834|2574|1314|1260|17969|8948|9021|17064|8475|8589|9912|5005|4907|5977|2971|3006|5782|2910|2872|2731|1280|1451|357|148|209|34.55075188|33.321138211|35.7
50|107|Orocovis Municipio|3|23415|11803|11612|1445|767|678|3123|1626|1497|1743|911|832|2579|1322|1257|18010|8972|9038|17104|8499|8605|9883|4997|4886|5957|2965|2992|5812|2917|2895|2756|1295|1461|359|148|211|34.695402299|33.476377953|35.86013986
50|107|Orocovis Municipio|4|23359|11762|11597|1416|732|684|3034|1610|1424|1673|857|816|2638|1371|1267|18128|9031|9097|17236|8563|8673|9778|4954|4824|5858|2916|2942|5881|2926|2955|2859|1350|1509|372|151|221|35.114341085|33.823943662|36.383802817
50|109|Patillas Municipio|1|19277|9516|9761|1156|602|554|2246|1169|1077|1265|656|609|1972|1027|945|15242|7414|7828|14610|7089|7521|7578|3803|3775|4629|2267|2362|5215|2544|2671|2794|1251|1543|336|133|203|38.428270042|36.817204301|40.068
50|109|Patillas Municipio|2|19277|9516|9761|1156|602|554|2246|1169|1077|1265|656|609|1972|1027|945|15242|7414|7828|14610|7089|7521|7578|3803|3775|4629|2267|2362|5215|2544|2671|2794|1251|1543|336|133|203|38.428270042|36.817204301|40.068
50|109|Patillas Municipio|3|19247|9500|9747|1148|596|552|2225|1161|1064|1252|649|603|1974|1027|947|15257|7424|7833|14622|7094|7528|7544|3784|3760|4605|2253|2352|5227|2551|2676|2816|1263|1553|334|131|203|38.60212766|37|40.202479339
50|109|Patillas Municipio|4|19106|9413|9693|1118|572|546|2152|1132|1020|1195|618|577|1995|1037|958|15276|7429|7847|14641|7091|7550|7426|3721|3705|4513|2203|2310|5229|2546|2683|2904|1305|1599|334|126|208|39.170212766|37.489247312|40.720183486
50|111|Peñuelas Municipio|1|24282|11874|12408|1726|855|871|3368|1689|1679|1590|821|769|2827|1384|1443|18415|8935|9480|17598|8509|9089|10268|5041|5227|6204|3014|3190|5870|2833|3037|2697|1278|1419|282|110|172|33.043137255|32.444444444|33.827586207
50|111|Peñuelas Municipio|2|24282|11874|12408|1726|855|871|3368|1689|1679|1590|821|769|2827|1384|1443|18415|8935|9480|17598|8509|9089|10268|5041|5227|6204|3014|3190|5870|2833|3037|2697|1278|1419|282|110|172|33.043137255|32.444444444|33.827586207
50|111|Peñuelas Municipio|3|24220|11845|12375|1711|851|860|3349|1679|1670|1566|805|761|2823|1385|1438|18402|8931|9471|17594|8510|9084|10204|5010|5194|6172|2998|3174|5867|2832|3035|2732|1295|1437|285|113|172|33.222222222|32.580536913|33.949612403
50|111|Peñuelas Municipio|4|23947|11701|12246|1672|846|826|3266|1634|1632|1487|750|737|2797|1382|1415|18294|8871|9423|17522|8471|9051|9971|4889|5082|6055|2935|3120|5811|2799|3012|2859|1355|1504|290|119|171|33.654340836|32.966666667|34.325396825
50|113|Ponce Municipio|1|166327|79960|86367|10471|5388|5083|20094|10346|9748|10040|5016|5024|18007|9050|8957|130864|61769|69095|125722|59210|66512|66825|33442|33383|41246|20604|20642|41291|18843|22448|25178|10713|14465|2995|1092|1903|36.466446365|34.255837563|38.709028459
50|113|Ponce Municipio|2|166327|79960|86367|10471|5388|5083|20094|10346|9748|10040|5016|5024|18007|9050|8957|130864|61769|69095|125722|59210|66512|66825|33442|33383|41246|20604|20642|41291|18843|22448|25178|10713|14465|2995|1092|1903|36.466446365|34.255837563|38.709028459
50|113|Ponce Municipio|3|165806|79702|86104|10410|5354|5056|19950|10272|9678|9990|5004|4986|17918|9009|8909|130567|61622|68945|125456|59072|66384|66491|33280|33211|41031|20497|20534|41160|18788|22372|25347|10778|14569|3014|1101|1913|36.567346939|34.348178138|38.821285141
50|113|Ponce Municipio|4|163727|78673|85054|10179|5226|4953|19318|9943|9375|9732|4924|4808|17593|8864|8729|129445|61063|68382|124498|58580|65918|65170|32649|32521|40222|20093|20129|40647|18565|22082|26036|11058|14978|3101|1138|1963|37.008607199|34.753458498|39.306122449
50|115|Quebradillas Municipio|1|25919|12640|13279|1527|784|743|3240|1642|1598|1623|830|793|2561|1315|1246|20335|9795|10540|19529|9384|10145|10630|5285|5345|6857|3352|3505|6501|3048|3453|3610|1669|1941|409|156|253|36.498333333|35.150943396|37.776162791
50|115|Quebradillas Municipio|2|25919|12640|13279|1527|784|743|3240|1642|1598|1623|830|793|2561|1315|1246|20335|9795|10540|19529|9384|10145|10630|5285|5345|6857|3352|3505|6501|3048|3453|3610|1669|1941|409|156|253|36.498333333|35.150943396|37.776162791
50|115|Quebradillas Municipio|3|25919|12642|13277|1524|786|738|3213|1630|1583|1620|829|791|2564|1317|1247|20369|9809|10560|19562|9397|10165|10609|5277|5332|6833|3341|3492|6511|3051|3460|3654|1688|1966|410|155|255|36.633870968|35.2625|37.931137725
50|115|Quebradillas Municipio|4|25890|12628|13262|1518|795|723|3114|1587|1527|1598|819|779|2602|1342|1260|20464|9839|10625|19660|9427|10233|10535|5246|5289|6726|3284|3442|6515|3043|3472|3817|1758|2059|425|158|267|37.019543974|35.567073171|38.463855422
50|117|Rincón Municipio|1|15200|7378|7822|866|452|414|1746|905|841|812|411|401|1211|594|617|12176|5826|6350|11776|5610|6166|5688|2800|2888|3873|1891|1982|4017|1903|2114|2675|1222|1453|276|98|178|40.533333333|39.38317757|41.575757576
50|117|Rincón Municipio|2|15200|7378|7822|866|452|414|1746|905|841|812|411|401|1211|594|617|12176|5826|6350|11776|5610|6166|5688|2800|2888|3873|1891|1982|4017|1903|2114|2675|1222|1453|276|98|178|40.533333333|39.38317757|41.575757576
50|117|Rincón Municipio|3|15201|7383|7818|858|450|408|1728|895|833|810|407|403|1210|594|616|12203|5841|6362|11805|5631|6174|5678|2791|2887|3866|1889|1977|4020|1913|2107|2709|1235|1474|277|98|179|40.733490566|39.595238095|41.761904762
50|117|Rincón Municipio|4|15192|7390|7802|816|434|382|1673|868|805|800|393|407|1222|601|621|12295|5887|6408|11903|5695|6208|5647|2764|2883|3828|1874|1954|4007|1929|2078|2846|1291|1555|285|102|183|41.422535211|40.339622642|42.4
50|119|Río Grande Municipio|1|54304|26494|27810|3175|1667|1508|6849|3525|3324|3454|1800|1654|5309|2669|2640|42576|20382|22194|40826|19502|21324|22658|11276|11382|14720|7269|7451|13389|6215|7174|7408|3349|4059|662|232|430|36.69525066|35.054945055|38.258373206
50|119|Río Grande Municipio|2|54304|26494|27810|3175|1667|1508|6849|3525|3324|3454|1800|1654|5309|2669|2640|42576|20382|22194|40826|19502|21324|22658|11276|11382|14720|7269|7451|13389|6215|7174|7408|3349|4059|662|232|430|36.69525066|35.054945055|38.258373206
50|119|Río Grande Municipio|3|54290|26475|27815|3150|1651|1499|6809|3501|3308|3433|1793|1640|5357|2694|2663|42640|20407|22233|40898|19530|21368|22635|11278|11357|14673|7249|7424|13380|6205|7175|7488|3382|4106|670|233|437|36.7875166|35.126388889|38.353448276
50|119|Río Grande Municipio|4|54310|26456|27854|3049|1592|1457|6618|3395|3223|3360|1770|1590|5504|2771|2733|42985|20576|22409|41283|19699|21584|22526|11294|11232|14499|7193|7306|13434|6206|7228|7846|3529|4317|699|239|460|37.278295606|35.522857143|38.922459893
50|121|Sabana Grande Municipio|1|25265|12053|13212|1541|800|741|3126|1591|1535|1566|799|767|2285|1167|1118|19814|9254|10560|19032|8863|10169|9845|4838|5007|6397|3073|3324|6265|2803|3462|4085|1820|2265|477|207|270|37.901812689|35.882183908|39.627118644
50|121|Sabana Grande Municipio|2|25265|12053|13212|1541|800|741|3126|1591|1535|1566|799|767|2285|1167|1118|19814|9254|10560|19032|8863|10169|9845|4838|5007|6397|3073|3324|6265|2803|3462|4085|1820|2265|477|207|270|37.901812689|35.882183908|39.627118644
50|121|Sabana Grande Municipio|3|25245|12043|13202|1532|792|740|3104|1586|1518|1560|796|764|2287|1163|1124|19828|9263|10565|19049|8869|10180|9836|4832|5004|6385|3070|3315|6249|2798|3451|4128|1838|2290|479|208|271|38.039130435|36.028481013|39.768361582
50|121|Sabana Grande Municipio|4|25132|11977|13155|1505|765|740|3006|1560|1446|1542|784|758|2329|1170|1159|19849|9271|10578|19079|8868|10211|9796|4805|4991|6307|3038|3269|6155|2759|3396|4288|1901|2387|490|210|280|38.459375|36.426380368|40.252840909
50|123|Salinas Municipio|1|31078|15097|15981|2105|1113|992|4061|2063|1998|2265|1198|1067|3018|1525|1493|23790|11358|12432|22647|10723|11924|12799|6274|6525|8074|3830|4244|7460|3527|3933|4095|1841|2254|460|197|263|34.82464455|33.37434555|36.158018868
50|123|Salinas Municipio|2|31078|15097|15981|2105|1113|992|4061|2063|1998|2265|1198|1067|3018|1525|1493|23790|11358|12432|22647|10723|11924|12799|6274|6525|8074|3830|4244|7460|3527|3933|4095|1841|2254|460|197|263|34.82464455|33.37434555|36.158018868
50|123|Salinas Municipio|3|31064|15089|15975|2090|1108|982|4027|2043|1984|2248|1185|1063|3045|1555|1490|23838|11377|12461|22699|10753|11946|12798|6277|6521|8054|3816|4238|7456|3526|3930|4144|1856|2288|464|196|268|34.959036145|33.470744681|36.313679245
50|123|Salinas Municipio|4|30981|15041|15940|2038|1086|952|3913|1989|1924|2169|1122|1047|3171|1671|1500|23978|11424|12554|22861|10844|12017|12793|6283|6510|7963|3756|4207|7393|3500|3893|4334|1917|2417|485|197|288|35.381707317|33.748587571|36.821596244
50|125|San Germán Municipio|1|35527|17224|18303|1998|1043|955|3981|2067|1914|2011|1041|970|3707|1862|1845|28575|13607|14968|27537|13073|14464|13726|6818|6908|8503|4160|4343|8969|4189|4780|6358|2862|3496|820|324|496|39.393246187|37.641618497|40.979166667
50|125|San Germán Municipio|2|35527|17224|18303|1998|1043|955|3981|2067|1914|2011|1041|970|3707|1862|1845|28575|13607|14968|27537|13073|14464|13726|6818|6908|8503|4160|4343|8969|4189|4780|6358|2862|3496|820|324|496|39.393246187|37.641618497|40.979166667
50|125|San Germán Municipio|3|35471|17200|18271|1985|1035|950|3964|2064|1900|1994|1026|968|3718|1873|1845|28551|13603|14948|27528|13075|14453|13681|6798|6883|8457|4139|4318|8948|4178|4770|6405|2885|3520|821|323|498|39.5|37.686046512|41.090277778
50|125|San Germán Municipio|4|35254|17102|18152|1952|1017|935|3899|2043|1856|1935|982|953|3749|1899|1850|28452|13572|14880|27468|13060|14408|13486|6696|6790|8265|4045|4220|8840|4136|4704|6614|2980|3634|823|317|506|39.917995444|37.895953757|41.502304147
50|127|San Juan Municipio|1|395326|181632|213694|22660|11421|11239|42646|21679|20967|20515|10379|10136|39326|18815|20511|319875|143372|176503|309505|138153|171352|157194|74877|82317|102341|48193|54148|100724|44763|55961|67114|26382|40732|10545|3466|7079|39.023382383|36.57234589|41.128348661
50|127|San Juan Municipio|2|395326|181632|213694|22660|11421|11239|42646|21679|20967|20515|10379|10136|39326|18815|20511|319875|143372|176503|309505|138153|171352|157194|74877|82317|102341|48193|54148|100724|44763|55961|67114|26382|40732|10545|3466|7079|39.023382383|36.57234589|41.128348661
50|127|San Juan Municipio|3|394193|181107|213086|22463|11322|11141|42373|21536|20837|20421|10338|10083|39296|18822|20474|319273|143128|176145|308936|137911|171025|156524|74553|81971|101778|47903|53875|100546|44719|55827|67316|26467|40849|10645|3499|7146|39.101872583|36.647147147|41.223534042
50|127|San Juan Municipio|4|389714|179031|210683|21707|10946|10761|41239|20951|20288|20070|10156|9914|39046|18792|20254|316909|142159|174750|306698|136978|169720|153913|73301|80612|99701|46838|52863|99746|44481|55265|68205|26867|41338|11050|3628|7422|39.428966397|36.959673865|41.584156535
50|129|San Lorenzo Municipio|1|41058|20142|20916|2397|1274|1123|5036|2568|2468|2549|1285|1264|4068|2062|2006|32360|15647|16713|31076|15015|16061|17059|8394|8665|11035|5357|5678|10580|5085|5495|5393|2511|2882|625|282|343|36.746938776|35.709677419|37.73046875
50|129|San Lorenzo Municipio|2|41058|20142|20916|2397|1274|1123|5036|2568|2468|2549|1285|1264|4068|2062|2006|32360|15647|16713|31076|15015|16061|17059|8394|8665|11035|5357|5678|10580|5085|5495|5393|2511|2882|625|282|343|36.746938776|35.709677419|37.73046875
50|129|San Lorenzo Municipio|3|41037|20124|20913|2379|1263|1116|4997|2546|2451|2539|1286|1253|4081|2063|2018|32410|15669|16741|31122|15029|16093|17022|8379|8643|11002|5342|5660|10605|5096|5509|5434|2528|2906|634|284|350|36.845766129|35.807228916|37.836614173
50|129|San Lorenzo Municipio|4|40947|20054|20893|2312|1212|1100|4861|2477|2384|2504|1285|1219|4108|2060|2048|32557|15738|16819|31270|15080|16190|16853|8302|8551|10862|5274|5588|10700|5145|5555|5600|2601|2999|661|290|371|37.240853659|36.238866397|38.21314741
50|131|San Sebastián Municipio|1|42430|20705|21725|2530|1303|1227|5139|2650|2489|2422|1212|1210|3731|1934|1797|33508|16128|17380|32339|15540|16799|15957|7933|8024|10457|5111|5346|11180|5185|5995|6971|3310|3661|726|307|419|38.985321101|37.456967213|40.391891892
50|131|San Sebastián Municipio|2|42430|20705|21725|2530|1303|1227|5139|2650|2489|2422|1212|1210|3731|1934|1797|33508|16128|17380|32339|15540|16799|15957|7933|8024|10457|5111|5346|11180|5185|5995|6971|3310|3661|726|307|419|38.985321101|37.456967213|40.391891892
50|131|San Sebastián Municipio|3|42353|20664|21689|2501|1283|1218|5107|2640|2467|2431|1213|1218|3724|1936|1788|33487|16117|17370|32314|15528|16786|15918|7919|7999|10411|5090|5321|11142|5161|5981|7037|3341|3696|739|311|428|39.10268714|37.56|40.51509434
50|131|San Sebastián Municipio|4|42092|20509|21583|2393|1211|1182|4983|2594|2389|2466|1224|1242|3706|1935|1771|33442|16074|17368|32250|15480|16770|15744|7832|7912|10211|4989|5222|11013|5093|5920|7320|3463|3857|788|329|459|39.560836502|37.987037037|40.983985765
50|133|Santa Isabel Municipio|1|23274|11246|12028|1651|812|839|3492|1851|1641|1622|814|808|2141|1036|1105|17295|8147|9148|16509|7769|8740|9973|4732|5241|6628|3101|3527|5051|2417|2634|2689|1215|1474|244|92|152|33.553921569|32.769662921|34.259668508
50|133|Santa Isabel Municipio|2|23274|11246|12028|1651|812|839|3492|1851|1641|1622|814|808|2141|1036|1105|17295|8147|9148|16509|7769|8740|9973|4732|5241|6628|3101|3527|5051|2417|2634|2689|1215|1474|244|92|152|33.553921569|32.769662921|34.259668508
50|133|Santa Isabel Municipio|3|23301|11263|12038|1633|807|826|3469|1838|1631|1621|816|805|2168|1048|1120|17364|8183|9181|16578|7802|8776|9988|4743|5245|6618|3098|3520|5070|2427|2643|2722|1229|1493|246|92|154|33.709798995|32.921052632|34.439790576
50|133|Santa Isabel Municipio|4|23389|11310|12079|1575|792|783|3382|1786|1596|1621|831|790|2279|1103|1176|17604|8298|9306|16811|7901|8910|10062|4794|5268|6578|3079|3499|5101|2434|2667|2853|1285|1568|253|92|161|34.239348371|33.34502924|34.978773585
50|135|Toa Alta Municipio|1|74066|35877|38189|4677|2352|2325|10570|5424|5146|5077|2541|2536|7490|3813|3677|56295|26798|29497|53742|25560|28182|32647|15882|16765|21359|10198|11161|17876|8339|9537|7017|3210|3807|621|228|393|34.155797101|33.03285968|35.223747981
50|135|Toa Alta Municipio|2|74066|35877|38189|4677|2352|2325|10570|5424|5146|5077|2541|2536|7490|3813|3677|56295|26798|29497|53742|25560|28182|32647|15882|16765|21359|10198|11161|17876|8339|9537|7017|3210|3807|621|228|393|34.155797101|33.03285968|35.223747981
50|135|Toa Alta Municipio|3|74252|35950|38302|4663|2341|2322|10516|5400|5116|5095|2553|2542|7550|3831|3719|56539|26907|29632|53978|25656|28322|32676|15904|16772|21313|10181|11132|18009|8399|9610|7106|3245|3861|639|232|407|34.250224215|33.113513514|35.315270936
50|135|Toa Alta Municipio|4|75105|36292|38813|4592|2298|2294|10267|5281|4986|5121|2573|2548|7828|3933|3895|57683|27426|30257|55125|26140|28985|32894|16037|16857|21230|10161|11069|18557|8644|9913|7510|3402|4108|705|251|454|34.709973753|33.532319392|35.813893654
50|137|Toa Baja Municipio|1|89609|42489|47120|5426|2739|2687|11209|5744|5465|5194|2616|2578|9121|4565|4556|70366|32709|37657|67780|31390|36390|37364|18228|19136|24338|11683|12655|22322|9836|12486|11999|5306|6693|1179|462|717|35.875408497|34.087869362|37.695507488
50|137|Toa Baja Municipio|2|89609|42489|47120|5426|2739|2687|11209|5744|5465|5194|2616|2578|9121|4565|4556|70366|32709|37657|67780|31390|36390|37364|18228|19136|24338|11683|12655|22322|9836|12486|11999|5306|6693|1179|462|717|35.875408497|34.087869362|37.695507488
50|137|Toa Baja Municipio|3|89439|42392|47047|5391|2726|2665|11148|5719|5429|5182|2602|2580|9107|4558|4549|70317|32669|37648|67718|31345|36373|37252|18166|19086|24239|11632|12607|22264|9811|12453|12108|5344|6764|1195|467|728|35.962164361|34.169544741|37.789782245
50|137|Toa Baja Municipio|4|88799|42011|46788|5238|2669|2569|10849|5571|5278|5115|2546|2569|9062|4541|4521|70205|32541|37664|67597|31225|36372|36858|17947|18911|23929|11474|12455|22051|9706|12345|12555|5504|7051|1263|490|773|36.38553719|34.545531197|38.238095238
50|139|Trujillo Alto Municipio|1|74842|35568|39274|4740|2463|2277|9512|4949|4563|4563|2378|2185|7056|3572|3484|58331|26987|31344|56027|25778|30249|31170|15065|16105|20655|9695|10960|18659|8374|10285|9657|4137|5520|988|377|611|36.194845361|34.134268537|38.124282983
50|139|Trujillo Alto Municipio|2|74842|35568|39274|4740|2463|2277|9512|4949|4563|4563|2378|2185|7056|3572|3484|58331|26987|31344|56027|25778|30249|31170|15065|16105|20655|9695|10960|18659|8374|10285|9657|4137|5520|988|377|611|36.194845361|34.134268537|38.124282983
50|139|Trujillo Alto Municipio|3|74760|35521|39239|4710|2443|2267|9460|4932|4528|4540|2359|2181|7096|3598|3498|58348|26985|31363|56050|25787|30263|31059|15018|16041|20528|9638|10890|18680|8381|10299|9746|4170|5576|1008|382|626|36.281533804|34.217519685|38.199805068
50|139|Trujillo Alto Municipio|4|74490|35359|39131|4571|2357|2214|9219|4833|4386|4442|2291|2151|7237|3694|3543|58506|27029|31477|56258|25878|30380|30698|14873|15825|20123|9459|10664|18775|8414|10361|10123|4311|5812|1080|403|677|36.686311787|34.608237548|38.617764471
50|141|Utuado Municipio|1|33149|16259|16890|1939|957|982|4057|2113|1944|2158|1141|1017|3439|1759|1680|26129|12645|13484|24995|12048|12947|12935|6372|6563|7866|3744|4122|8762|4274|4488|4928|2271|2657|580|240|340|37.95014245|36.703125|38.954314721
50|141|Utuado Municipio|2|33149|16259|16890|1939|957|982|4057|2113|1944|2158|1141|1017|3439|1759|1680|26129|12645|13484|24995|12048|12947|12935|6372|6563|7866|3744|4122|8762|4274|4488|4928|2271|2657|580|240|340|37.95014245|36.703125|38.954314721
50|141|Utuado Municipio|3|33079|16217|16862|1936|957|979|4015|2086|1929|2132|1124|1008|3440|1762|1678|26109|12635|13474|24996|12050|12946|12886|6349|6537|7831|3731|4100|8746|4262|4484|4979|2295|2684|585|240|345|38.070478723|36.81402439|39.09223301
50|141|Utuado Municipio|4|32776|16040|16736|1916|950|966|3878|1997|1881|2022|1060|962|3457|1769|1688|25997|12577|13420|24960|12033|12927|12675|6237|6438|7673|3661|4012|8657|4215|4442|5173|2388|2785|601|240|361|38.511494253|37.267080745|39.536082474
50|143|Vega Alta Municipio|1|39951|19106|20845|2685|1398|1287|5306|2694|2612|2435|1235|1200|3985|2005|1980|30742|14390|16352|29525|13779|15746|16515|7859|8656|10703|4941|5762|9633|4515|5118|5204|2318|2886|522|208|314|35.227272727|33.955223881|36.362190813
50|143|Vega Alta Municipio|2|39951|19106|20845|2685|1398|1287|5306|2694|2612|2435|1235|1200|3985|2005|1980|30742|14390|16352|29525|13779|15746|16515|7859|8656|10703|4941|5762|9633|4515|5118|5204|2318|2886|522|208|314|35.227272727|33.955223881|36.362190813
50|143|Vega Alta Municipio|3|39988|19123|20865|2671|1387|1284|5292|2689|2603|2428|1236|1192|4003|2012|1991|30817|14425|16392|29597|13811|15786|16515|7870|8645|10683|4937|5746|9644|4512|5132|5267|2350|2917|524|209|315|35.320512821|34.045620438|36.463541667
50|143|Vega Alta Municipio|4|40100|19185|20915|2621|1344|1277|5238|2677|2561|2404|1233|1171|4057|2045|2012|31061|14553|16508|29837|13931|15906|16482|7897|8585|10605|4916|5689|9672|4509|5163|5503|2461|3042|532|212|320|35.653024911|34.389298893|36.808333333
50|145|Vega Baja Municipio|1|59662|28751|30911|3710|1962|1748|7691|3929|3762|3712|1931|1781|5772|2872|2900|46362|21874|24488|44549|20929|23620|24146|11768|12378|15591|7444|8147|14746|6816|7930|8440|3797|4643|831|313|518|36.515320334|34.944300518|37.930487805
50|145|Vega Baja Municipio|2|59662|28751|30911|3710|1962|1748|7691|3929|3762|3712|1931|1781|5772|2872|2900|46362|21874|24488|44549|20929|23620|24146|11768|12378|15591|7444|8147|14746|6816|7930|8440|3797|4643|831|313|518|36.515320334|34.944300518|37.930487805
50|145|Vega Baja Municipio|3|59549|28686|30863|3668|1935|1733|7640|3909|3731|3693|1913|1780|5782|2891|2891|46367|21874|24493|44548|20929|23619|24081|11746|12335|15524|7412|8112|14733|6803|7930|8509|3823|4686|844|316|528|36.608183079|35.037837838|38.046482412
50|145|Vega Baja Municipio|4|59172|28470|30702|3500|1827|1673|7400|3802|3598|3614|1853|1761|5807|2956|2851|46483|21929|24554|44658|20988|23670|23814|11662|12152|15281|7304|7977|14748|6784|7964|8822|3944|4878|896|330|566|37.103932584|35.508064516|38.631313131
50|147|Vieques Municipio|1|9301|4617|4684|640|318|322|1036|552|484|520|272|248|915|469|446|7350|3610|3740|7105|3475|3630|3406|1756|1650|2098|1077|1021|2510|1229|1281|1582|700|882|155|50|105|40.038793103|38.375|41.576271186
50|147|Vieques Municipio|2|9301|4617|4684|640|318|322|1036|552|484|520|272|248|915|469|446|7350|3610|3740|7105|3475|3630|3406|1756|1650|2098|1077|1021|2510|1229|1281|1582|700|882|155|50|105|40.038793103|38.375|41.576271186
50|147|Vieques Municipio|3|9312|4623|4689|640|318|322|1029|545|484|520|273|247|904|464|440|7372|3623|3749|7123|3487|3636|3397|1751|1646|2101|1079|1022|2525|1236|1289|1593|708|885|157|50|107|40.217391304|38.581632653|41.720338983
50|147|Vieques Municipio|4|9350|4641|4709|637|317|320|1006|519|487|519|276|243|873|450|423|7450|3668|3782|7188|3529|3659|3374|1741|1633|2113|1088|1025|2553|1249|1304|1649|742|907|167|52|115|40.846846847|39.255102041|42.279661017
50|149|Villalba Municipio|1|26073|12846|13227|1725|883|842|3545|1797|1748|1903|1030|873|3062|1595|1467|19866|9682|10184|18900|9136|9764|11112|5604|5508|6572|3182|3390|6390|3042|3348|2876|1317|1559|286|129|157|33.41442953|31.818181818|34.951428571
50|149|Villalba Municipio|2|26073|12846|13227|1725|883|842|3545|1797|1748|1903|1030|873|3062|1595|1467|19866|9682|10184|18900|9136|9764|11112|5604|5508|6572|3182|3390|6390|3042|3348|2876|1317|1559|286|129|157|33.41442953|31.818181818|34.951428571
50|149|Villalba Municipio|3|26019|12813|13206|1714|874|840|3497|1773|1724|1888|1019|869|3056|1599|1457|19884|9692|10192|18920|9147|9773|11055|5570|5485|6546|3165|3381|6402|3052|3350|2916|1331|1585|287|129|158|33.616504854|32.009036145|35.139534884
50|149|Villalba Municipio|4|25767|12649|13118|1657|833|824|3331|1691|1640|1839|972|867|3041|1617|1424|19888|9678|10210|18940|9153|9787|10847|5445|5402|6429|3093|3336|6408|3060|3348|3062|1383|1679|293|128|165|34.229372937|32.590909091|35.77245509
50|151|Yabucoa Municipio|1|37941|18511|19430|2412|1267|1145|4698|2410|2288|2378|1174|1204|3793|1871|1922|29641|14267|15374|28453|13660|14793|15280|7445|7835|9722|4699|5023|10047|4823|5224|4891|2267|2624|683|271|412|36.746975806|35.760416667|37.56640625
50|151|Yabucoa Municipio|2|37941|18511|19430|2412|1267|1145|4698|2410|2288|2378|1174|1204|3793|1871|1922|29641|14267|15374|28453|13660|14793|15280|7445|7835|9722|4699|5023|10047|4823|5224|4891|2267|2624|683|271|412|36.746975806|35.760416667|37.56640625
50|151|Yabucoa Municipio|3|37892|18476|19416|2390|1249|1141|4668|2398|2270|2357|1162|1195|3797|1875|1922|29657|14262|15395|28477|13667|14810|15240|7428|7812|9680|4684|4996|10045|4811|5234|4955|2297|2658|683|269|414|36.900203666|35.902542373|37.736641221
50|151|Yabucoa Municipio|4|37665|18328|19337|2300|1176|1124|4562|2355|2207|2286|1126|1160|3801|1880|1921|29674|14227|15447|28517|13671|14846|15044|7332|7712|9499|4607|4892|10019|4775|5244|5198|2409|2789|682|261|421|37.478305785|36.465517241|38.333976834
50|153|Yauco Municipio|1|42043|20353|21690|2480|1296|1184|5085|2649|2436|2567|1318|1249|4010|2068|1942|33188|15727|17461|31911|15090|16821|16628|8122|8506|10677|5057|5620|11037|5208|5829|6187|2757|3430|700|252|448|38.132326821|36.111344538|39.786163522
50|153|Yauco Municipio|2|42043|20353|21690|2480|1296|1184|5085|2649|2436|2567|1318|1249|4010|2068|1942|33188|15727|17461|31911|15090|16821|16628|8122|8506|10677|5057|5620|11037|5208|5829|6187|2757|3430|700|252|448|38.132326821|36.111344538|39.786163522
50|153|Yauco Municipio|3|41929|20292|21637|2461|1277|1184|5051|2637|2414|2539|1306|1233|4006|2063|1943|33147|15708|17439|31878|15072|16806|16536|8087|8449|10611|5040|5571|11025|5190|5835|6236|2779|3457|712|256|456|38.25045208|36.246963563|39.927884615
50|153|Yauco Municipio|4|41486|20056|21430|2400|1217|1183|4906|2579|2327|2455|1281|1174|3965|2025|1940|32965|15616|17349|31725|14979|16746|16119|7916|8203|10309|4940|5369|10996|5143|5853|6455|2871|3584|743|265|478|38.794520548|36.776515152|40.527687296
